562
119 27
101 68
97 116
14 279
13 440
94 601
97 646
113 687
312 689
328 648
332 604
417 442
418 389
438 379
439 342
419 332
418 274
335 113
332 69
319 28
109 656
114 651
282 651
311 652
316 657
316 660
311 665
114 664
109 659
103 632
108 627
317 628
322 633
322 640
317 645
108 644
103 639
101 603
106 598
320 599
325 604
325 616
320 621
106 620
101 615
103 584
115 554
122 548
307 548
316 558
326 588
322 592
116 592
106 591
386 477
388 479
387 483
375 507
373 509
368 521
366 523
337 579
333 579
331 577
331 575
327 568
324 558
320 550
321 545
332 534
336 527
342 522
366 498
369 493
41 472
43 472
58 487
62 494
95 527
98 532
109 543
110 547
106 555
105 563
101 571
99 573
98 578
96 580
92 580
90 578
66 529
61 522
59 515
40 478
40 473
424 344
427 344
432 349
432 371
427 376
424 376
423 375
422 375
420 373
420 372
419 371
419 349
118 173
313 172
411 281
412 434
315 539
120 541
22 437
20 284
113 198
43 279
44 442
116 520
320 518
386 440
386 276
317 196
233 370
233 368
237 364
237 363
239 360
239 353
243 349
252 349
253 350
255 350
256 351
258 351
259 352
269 352
270 353
272 353
273 354
275 354
276 355
286 355
287 356
291 356
292 357
293 357
295 359
295 362
294 363
292 363
291 364
289 364
288 365
278 365
277 366
273 366
272 367
261 367
260 368
258 368
257 369
255 369
254 370
244 370
243 371
241 371
240 372
235 372
223 345
224 346
225 346
226 347
227 347
231 351
231 352
232 353
232 357
231 358
231 359
226 364
225 364
218 371
215 371
214 370
213 370
210 367
209 367
204 362
204 358
205 357
205 356
208 353
209 353
216 346
217 346
218 345
218 258
220 260
220 262
222 266
222 282
223 283
223 285
225 289
225 306
226 307
226 309
228 313
228 327
229 328
229 332
230 333
226 337
215 337
211 339
207 343
205 343
202 340
202 333
203 332
203 330
205 326
205 314
206 313
207 307
208 306
208 290
209 289
209 287
211 283
211 267
212 266
212 264
213 263
214 259
215 258
117 205
216 207
193 350
195 364
216 382
336 361
238 336
221 204
312 203
379 280
381 434
314 512
120 513
50 437
49 283
211 486
210 487
210 488
209 489
209 500
210 501
210 502
211 503
213 503
216 500
216 489
213 486
278 469
278 470
277 471
277 475
278 476
278 477
280 479
280 480
282 482
283 482
284 483
287 483
288 482
288 481
289 480
289 479
288 478
288 477
287 476
287 475
286 474
286 473
282 469
281 469
280 468
279 469
150 468
147 468
142 473
142 474
140 476
140 477
139 478
139 481
140 482
140 483
144 483
149 478
149 477
151 475
151 473
152 472
152 471
151 470
151 469
326 422
326 425
327 426
327 427
329 429
330 429
331 430
332 430
333 431
334 431
335 432
336 432
337 433
338 433
339 432
340 432
341 431
341 428
337 424
336 424
334 422
333 422
332 421
328 421
327 422
102 421
101 420
100 420
99 419
98 419
97 420
95 420
93 422
92 422
88 426
88 427
87 428
88 429
88 430
89 431
90 431
91 432
92 431
93 431
94 430
95 430
96 429
97 429
103 423
102 422
344 359
344 361
345 362
346 362
347 363
358 363
359 362
360 362
361 361
361 359
360 358
359 358
358 357
347 357
346 358
345 358
68 355
68 357
69 358
70 358
71 359
82 359
83 358
84 358
85 357
85 355
84 354
83 354
82 353
71 353
70 354
69 354
342 285
341 284
340 284
339 283
338 283
337 284
335 284
334 285
333 285
331 287
330 287
327 290
327 292
328 293
328 294
329 294
330 295
332 295
333 294
335 294
337 292
338 292
342 288
88 283
88 284
87 285
88 286
88 287
93 292
94 292
95 293
96 293
97 294
99 294
100 293
101 293
102 292
102 289
98 285
97 285
95 283
94 283
93 282
92 282
91 281
90 282
89 282
143 231
142 232
142 233
141 234
142 235
142 237
143 238
143 239
148 244
149 244
150 243
151 243
151 242
152 241
152 239
151 238
151 237
150 236
150 235
146 231
289 230
286 230
284 232
283 232
283 233
281 235
281 236
280 237
280 238
279 239
279 241
280 242
280 243
281 243
282 244
283 244
285 242
286 242
287 241
287 240
289 238
289 237
290 236
290 235
291 234
291 233
290 232
290 231
336 137
340 137
342 139
347 150
349 152
354 163
356 165
366 185
366 187
374 203
376 205
379 211
379 213
393 241
393 244
392 245
389 244
384 239
380 232
358 210
354 203
334 183
330 176
324 170
323 164
325 161
327 154
330 150
99 136
101 138
102 142
112 163
111 169
105 177
82 200
76 209
55 230
52 235
45 241
43 239
43 236
46 232
58 207
60 205
60 203
68 189
71 180
76 173
94 138
96 136
106 129
110 125
325 125
328 127
329 132
317 159
310 165
125 165
117 158
104 98
109 93
323 94
328 99
328 113
323 118
109 118
104 113
107 75
112 70
321 71
326 76
326 82
321 87
135 87
112 86
107 81
532
0 1
1 2
2 3
3 4
4 5
5 6
6 7
7 8
8 9
9 10
10 11
11 12
12 13
13 14
14 15
15 16
16 17
17 18
18 19
20 21
21 22
22 23
23 24
24 25
25 26
26 27
27 28
29 30
30 31
31 32
32 33
33 34
34 35
35 36
37 38
38 39
39 40
40 41
41 42
42 43
43 44
45 46
46 47
47 48
48 49
49 50
50 51
51 52
52 53
54 55
55 56
56 57
57 58
58 59
59 60
60 61
61 62
62 63
63 64
64 65
65 66
66 67
67 68
68 69
69 70
70 71
71 72
72 73
74 75
75 76
76 77
77 78
78 79
79 80
80 81
81 82
82 83
83 84
84 85
85 86
86 87
87 88
88 89
89 90
90 91
91 92
92 93
93 94
95 96
96 97
97 98
98 99
99 100
100 101
101 102
102 103
103 104
104 105
105 106
107 108
108 109
109 110
110 111
111 112
112 113
113 114
115 116
116 117
117 118
118 119
119 120
120 121
121 122
123 124
124 125
125 126
126 127
127 128
128 129
129 130
130 131
131 132
132 133
133 134
134 135
135 136
136 137
137 138
138 139
139 140
140 141
141 142
142 143
143 144
144 145
145 146
146 147
147 148
148 149
149 150
150 151
151 152
152 153
153 154
154 155
155 156
156 157
157 158
158 159
159 160
160 161
161 162
162 163
163 164
164 165
165 166
166 167
167 168
169 170
170 171
171 172
172 173
173 174
174 175
175 176
176 177
177 178
178 179
179 180
180 181
181 182
182 183
183 184
184 185
185 186
186 187
187 188
188 189
189 190
190 191
191 192
192 193
193 194
194 195
195 196
197 198
198 199
199 200
200 201
201 202
202 203
203 204
204 205
205 206
206 207
207 208
208 209
209 210
210 211
211 212
212 213
213 214
214 215
215 216
216 217
217 218
218 219
219 220
220 221
221 222
222 223
223 224
224 225
225 226
226 227
227 228
228 229
229 230
230 231
231 232
232 233
233 234
234 235
235 236
237 238
238 239
239 240
240 241
241 242
242 243
243 244
244 245
245 246
246 247
247 248
248 249
249 250
250 251
252 253
253 254
254 255
255 256
256 257
257 258
258 259
259 260
260 261
261 262
262 263
264 265
265 266
266 267
267 268
268 269
269 270
270 271
271 272
272 273
273 274
274 275
275 276
276 277
277 278
278 279
279 280
280 281
281 282
282 283
283 284
284 285
285 286
286 287
287 288
288 289
290 291
291 292
292 293
293 294
294 295
295 296
296 297
297 298
298 299
299 300
300 301
301 302
302 303
303 304
304 305
305 306
306 307
307 308
309 310
310 311
311 312
312 313
313 314
314 315
315 316
316 317
317 318
318 319
319 320
320 321
321 322
322 323
323 324
324 325
325 326
326 327
327 328
328 329
329 330
330 331
331 332
332 333
334 335
335 336
336 337
337 338
338 339
339 340
340 341
341 342
342 343
343 344
344 345
345 346
346 347
347 348
348 349
349 350
350 351
351 352
352 353
353 354
354 355
355 356
356 357
357 358
359 360
360 361
361 362
362 363
363 364
364 365
365 366
366 367
367 368
368 369
369 370
370 371
371 372
372 373
373 374
375 376
376 377
377 378
378 379
379 380
380 381
381 382
382 383
383 384
384 385
385 386
386 387
387 388
388 389
389 390
391 392
392 393
393 394
394 395
395 396
396 397
397 398
398 399
399 400
400 401
401 402
402 403
403 404
404 405
405 406
406 407
407 408
408 409
409 410
410 411
411 412
412 413
414 415
415 416
416 417
417 418
418 419
419 420
420 421
421 422
422 423
423 424
424 425
425 426
426 427
427 428
428 429
429 430
430 431
431 432
432 433
433 434
434 435
435 436
436 437
438 439
439 440
440 441
441 442
442 443
443 444
444 445
445 446
446 447
447 448
448 449
449 450
450 451
451 452
452 453
453 454
454 455
455 456
456 457
458 459
459 460
460 461
461 462
462 463
463 464
464 465
465 466
466 467
467 468
468 469
469 470
470 471
471 472
472 473
473 474
474 475
475 476
476 477
477 478
478 479
479 480
480 481
481 482
482 483
483 484
484 485
486 487
487 488
488 489
489 490
490 491
491 492
492 493
493 494
494 495
495 496
496 497
497 498
498 499
499 500
500 501
501 502
502 503
503 504
504 505
505 506
506 507
507 508
508 509
509 510
510 511
511 512
512 513
514 515
515 516
516 517
517 518
518 519
519 520
520 521
521 522
522 523
523 524
524 525
525 526
526 527
527 528
528 529
529 530
530 531
531 532
532 533
533 534
534 535
536 537
537 538
538 539
539 540
540 541
541 542
542 543
543 544
545 546
546 547
547 548
548 549
549 550
550 551
551 552
553 554
554 555
555 556
556 557
557 558
558 559
559 560
560 561
