247
607 10
453 122
230 126
49 31
34 90
50 263
83 353
65 485
153 612
286 689
376 714
454 676
581 567
632 463
606 328
629 252
626 60
442 672
438 677
376 707
357 704
300 686
366 620
370 620
361 615
332 646
294 681
288 683
230 649
220 601
226 596
320 579
406 566
478 578
497 584
496 633
455 669
448 669
373 616
393 582
120 502
212 597
220 636
219 642
152 603
137 580
137 570
119 506
586 483
586 498
574 565
502 627
503 586
285 432
286 433
286 434
287 435
287 436
286 437
286 440
285 441
285 443
282 446
277 446
276 445
276 441
277 440
277 439
278 438
278 435
279 434
279 433
280 432
281 432
282 431
283 432
431 424
433 426
433 430
434 431
434 434
435 435
435 436
436 437
436 439
435 440
429 440
428 441
424 441
423 440
423 439
422 438
422 435
423 434
423 433
426 430
426 429
177 426
176 427
175 426
150 414
149 413
149 411
154 408
157 408
160 406
163 406
166 404
169 404
170 403
173 403
174 402
175 403
175 408
176 409
176 419
177 420
85 401
123 542
124 558
71 481
183 401
191 396
203 394
239 399
249 402
272 428
273 432
270 442
266 447
219 450
188 434
181 411
91 393
220 456
280 451
318 573
214 590
113 483
526 385
528 384
536 388
538 390
540 390
543 392
546 392
553 396
555 396
556 397
556 399
553 402
547 405
541 410
536 412
534 410
534 404
533 403
533 401
532 400
531 395
611 383
627 461
584 547
587 511
527 396
530 407
529 416
493 439
445 440
440 434
438 428
440 412
448 402
455 397
510 380
514 380
606 377
588 474
501 578
406 559
426 446
496 444
97 311
101 311
182 382
189 391
159 402
137 407
88 380
88 364
596 304
600 314
609 367
564 395
524 378
522 376
523 373
184 229
191 230
289 417
287 426
278 426
250 395
205 390
192 384
105 301
506 217
594 299
516 374
448 394
421 427
420 414
501 221
344 136
418 443
401 555
364 564
338 558
323 566
289 450
336 129
337 150
290 406
195 224
233 133
351 129
457 126
501 210
417 408
63 43
226 131
193 211
162 239
143 210
52 43
154 244
96 296
85 337
59 267
40 84
606 24
621 60
625 254
605 312
601 295
547 249
541 235
221
0 1
1 2
2 3
3 4
4 5
5 6
6 7
7 8
8 9
9 10
10 11
11 12
12 13
13 14
14 15
15 16
17 18
18 19
19 20
20 21
21 22
22 23
24 25
25 26
26 27
27 28
28 29
29 30
30 31
32 33
33 34
34 35
35 36
36 37
37 38
38 39
40 41
41 42
42 43
43 44
44 45
45 46
46 47
48 49
49 50
50 51
51 52
53 54
54 55
55 56
56 57
57 58
58 59
59 60
60 61
61 62
62 63
63 64
64 65
65 66
66 67
67 68
68 69
69 70
70 71
71 72
72 73
73 74
74 75
76 77
77 78
78 79
79 80
80 81
81 82
82 83
83 84
84 85
85 86
86 87
87 88
88 89
89 90
90 91
91 92
92 93
93 94
94 95
95 96
97 98
98 99
99 100
100 101
101 102
102 103
103 104
104 105
105 106
106 107
107 108
108 109
109 110
110 111
111 112
112 113
113 114
114 115
115 116
117 118
118 119
119 120
121 122
122 123
123 124
124 125
125 126
126 127
127 128
128 129
129 130
130 131
131 132
133 134
134 135
135 136
136 137
137 138
139 140
140 141
141 142
142 143
143 144
144 145
145 146
146 147
147 148
148 149
149 150
150 151
151 152
152 153
153 154
154 155
155 156
156 157
157 158
158 159
160 161
161 162
162 163
164 165
165 166
166 167
167 168
168 169
169 170
170 171
171 172
172 173
173 174
174 175
176 177
177 178
178 179
179 180
180 181
182 183
183 184
184 185
185 186
186 187
187 188
188 189
190 191
191 192
192 193
193 194
194 195
195 196
197 198
198 199
199 200
200 201
201 202
202 203
203 204
204 205
206 207
207 208
208 209
209 210
210 211
211 212
213 214
214 215
215 216
216 217
217 218
218 219
220 221
221 222
222 223
223 224
225 226
226 227
227 228
229 230
230 231
231 232
232 233
234 235
235 236
236 237
237 238
238 239
240 241
241 242
242 243
243 244
244 245
245 246
