956
87 128
53 229
41 396
24 419
58 417
46 397
80 308
89 383
140 455
114 570
218 606
255 600
249 557
276 444
300 414
461 410
483 455
446 566
494 595
579 611
563 566
607 376
639 345
681 333
732 368
779 534
756 537
753 552
785 564
805 544
805 446
786 375
815 376
825 349
783 325
788 190
721 70
653 28
561 49
355 18
237 28
143 71
573 602
572 603
564 603
563 602
559 602
558 601
553 601
552 600
549 600
548 599
543 599
542 598
538 598
537 597
532 597
531 596
529 596
528 595
524 595
523 594
519 594
518 593
514 593
513 592
510 592
507 589
509 587
510 587
511 586
513 586
516 584
519 584
521 582
525 582
528 580
533 580
534 579
536 579
537 578
540 578
541 577
544 577
545 576
549 576
550 575
554 575
555 574
556 574
561 579
561 580
562 581
563 584
565 586
567 591
571 596
571 598
572 599
244 566
245 567
245 568
246 569
246 570
247 571
247 575
248 576
248 579
249 580
249 582
250 583
250 587
251 588
251 589
252 590
252 593
250 595
248 595
247 596
243 596
242 597
235 597
234 598
227 598
226 597
226 596
225 595
226 594
226 593
228 591
228 590
230 588
230 587
232 585
232 584
233 583
233 582
235 580
235 579
236 578
236 577
237 576
237 575
239 573
239 572
241 570
241 569
242 568
242 567
243 566
241 561
241 563
234 576
232 578
229 585
219 598
215 598
206 595
203 593
187 588
176 583
173 583
164 580
161 578
138 571
132 568
132 566
136 564
158 564
159 563
166 563
167 562
190 562
191 561
221 560
222 559
238 559
757 548
757 546
761 542
772 542
773 543
778 543
780 545
778 547
778 548
777 549
777 550
776 551
776 552
772 556
768 556
767 555
766 555
765 554
764 554
762 552
761 552
798 541
798 543
796 545
796 546
794 548
794 549
787 556
785 556
784 557
782 557
781 558
778 558
777 557
777 554
779 552
779 551
780 550
780 549
782 547
782 546
787 541
789 541
790 540
794 540
795 539
796 539
532 532
536 536
538 541
542 546
545 553
549 558
549 559
554 568
554 570
550 573
547 573
546 574
544 574
543 575
540 575
539 576
537 576
536 577
532 577
529 579
525 579
522 581
520 581
519 582
516 582
515 583
512 583
511 584
508 585
506 583
507 578
508 577
508 576
514 565
514 563
516 561
516 560
519 555
519 553
520 552
521 549
523 547
523 544
525 542
525 541
527 538
527 536
531 532
493 465
499 472
499 474
504 481
504 483
510 491
513 498
515 499
522 513
529 524
529 529
522 541
522 543
519 548
519 550
517 552
517 554
513 559
513 562
508 570
508 572
506 574
506 576
504 578
502 576
502 574
501 573
501 562
500 561
500 554
499 553
499 547
498 546
498 531
497 530
497 524
496 523
496 510
495 509
495 503
494 502
494 491
493 490
493 480
492 479
492 466
486 465
488 465
490 469
490 484
492 491
492 507
494 515
495 538
496 539
497 557
499 565
499 586
497 588
494 588
492 586
488 585
483 581
481 581
476 577
469 574
451 563
451 559
459 540
467 516
471 508
474 496
478 487
478 484
145 463
149 462
220 532
236 550
238 555
234 557
191 559
180 561
175 560
174 561
154 561
153 562
149 561
137 563
133 562
121 563
120 554
128 528
128 524
130 521
132 510
136 500
136 496
152 456
156 455
159 453
162 453
164 451
167 451
170 449
176 449
177 451
179 452
180 455
186 463
186 465
192 474
195 477
196 481
200 485
205 496
209 501
209 503
211 505
211 507
214 510
216 515
218 517
222 525
222 528
221 529
219 528
212 521
212 520
211 520
210 518
151 460
151 457
293 409
294 412
273 432
270 451
252 527
245 552
242 553
221 521
205 490
183 454
181 453
180 448
186 444
199 441
212 435
226 432
228 430
783 392
787 402
789 416
791 420
791 426
794 435
794 440
796 444
796 450
798 454
799 466
800 467
800 479
801 480
801 532
798 536
794 537
789 537
787 535
787 525
786 524
786 504
785 503
785 491
784 490
783 444
782 443
782 423
781 422
781 394
597 390
598 398
590 430
588 433
581 468
569 513
560 562
556 566
535 532
533 525
543 497
550 484
554 472
559 464
559 461
584 411
598 374
600 378
565 445
565 448
556 464
554 472
551 475
547 487
536 509
534 517
532 520
529 521
518 504
503 476
498 470
491 454
498 446
543 416
574 391
780 354
783 351
786 351
787 352
788 352
789 353
790 353
791 354
792 354
794 356
795 356
796 357
797 357
798 358
799 358
801 360
802 360
803 361
804 361
805 362
806 362
807 363
808 363
813 368
813 369
812 370
811 370
809 372
807 372
806 373
803 373
802 374
800 374
799 373
798 373
795 370
794 370
793 369
792 369
790 367
789 367
786 364
785 364
784 363
783 363
781 361
781 360
780 359
780 334
782 332
783 332
784 333
785 333
789 337
790 337
798 345
799 345
801 347
802 347
803 348
808 348
809 349
815 349
816 350
816 352
814 354
813 354
812 355
811 355
810 356
809 356
808 357
807 357
806 358
805 357
804 357
803 356
802 356
800 354
799 354
798 353
797 353
796 352
795 352
793 350
792 350
791 349
790 349
788 347
787 347
786 346
785 346
784 345
783 345
781 343
781 342
780 341
780 339
781 338
781 336
780 335
439 313
444 312
513 339
539 346
566 357
570 357
573 360
577 360
594 368
596 372
551 407
491 449
488 449
485 446
466 403
460 394
86 300
93 308
106 332
161 422
165 432
173 443
171 447
157 451
152 454
146 454
95 382
85 312
89 295
96 295
120 306
137 317
181 337
203 350
297 397
300 402
266 416
180 445
177 444
140 385
88 287
95 281
173 237
176 238
304 396
300 397
242 368
123 305
90 290
400 206
404 210
417 257
424 273
424 278
440 325
457 387
458 401
454 404
315 401
313 399
333 359
380 247
733 204
735 206
735 338
734 339
733 358
731 360
727 360
715 357
709 354
705 350
691 330
691 321
695 307
697 305
697 302
700 296
702 286
704 284
709 272
709 269
718 249
719 243
740 203
775 320
775 325
769 332
773 329
778 332
777 347
766 353
774 352
778 355
782 519
762 450
754 407
737 364
748 358
763 355
747 357
746 354
753 345
739 358
736 356
736 245
756 343
767 334
765 334
758 341
758 342
761 339
762 339
764 337
765 337
767 335
745 188
753 188
764 191
778 192
782 196
781 279
780 280
780 300
779 301
779 308
777 313
774 310
772 301
765 285
765 280
763 277
761 266
759 263
759 260
754 246
754 242
752 239
749 223
747 220
747 216
742 199
742 193
83 177
84 198
82 210
81 243
82 259
80 292
68 314
52 364
50 366
49 352
51 346
53 314
56 295
59 235
68 210
72 204
81 179
753 158
756 158
764 166
764 167
768 171
768 172
773 177
773 178
775 180
775 181
777 183
777 184
778 185
778 186
779 187
777 189
768 189
767 188
764 188
763 187
759 187
758 186
754 186
753 185
749 185
748 184
743 184
740 181
740 180
741 179
741 178
742 177
742 176
743 175
743 174
745 172
745 170
747 168
747 167
748 166
748 165
750 163
750 162
751 161
751 160
583 150
597 168
620 205
674 300
685 324
679 329
644 336
635 340
608 364
604 361
600 333
598 287
593 255
593 243
589 225
589 212
584 188
589 149
604 151
671 169
677 169
679 171
705 178
722 181
728 185
727 194
730 198
728 211
708 271
697 297
692 316
688 320
684 316
657 264
630 221
614 191
589 153
329 145
327 201
324 210
322 257
314 317
311 376
307 393
253 329
179 235
307 156
92 141
96 144
115 168
153 209
172 232
172 235
125 262
121 266
115 268
87 284
83 281
84 221
90 147
94 134
124 98
144 78
148 77
325 138
326 142
179 231
175 231
99 144
752 155
739 178
736 181
727 181
708 175
702 175
690 171
676 169
638 157
631 157
625 154
602 150
600 148
594 148
589 144
597 138
624 124
630 119
640 115
697 81
711 74
715 74
732 110
733 116
752 151
568 65
572 76
581 179
595 278
602 360
600 367
567 357
440 307
469 247
523 154
563 61
564 64
524 147
472 237
440 300
436 303
419 255
404 198
563 56
410 190
406 190
425 142
472 38
481 38
518 47
554 52
711 69
711 71
706 75
670 94
639 114
623 121
588 141
583 142
580 140
577 105
575 100
575 90
572 71
572 56
575 53
624 42
651 34
658 34
704 63
348 34
377 119
398 196
395 210
320 380
312 390
316 318
326 235
337 100
344 43
351 25
448 32
461 34
468 37
468 42
433 118
415 163
402 190
399 189
382 127
380 125
360 59
357 54
355 42
350 30
915
0 1
1 2
2 3
3 4
4 5
5 6
6 7
7 8
8 9
9 10
10 11
11 12
12 13
13 14
14 15
15 16
16 17
17 18
18 19
19 20
20 21
21 22
22 23
23 24
24 25
25 26
26 27
27 28
28 29
29 30
30 31
31 32
32 33
33 34
34 35
35 36
36 37
37 38
38 39
39 40
40 41
42 43
43 44
44 45
45 46
46 47
47 48
48 49
49 50
50 51
51 52
52 53
53 54
54 55
55 56
56 57
57 58
58 59
59 60
60 61
61 62
62 63
63 64
64 65
65 66
66 67
67 68
68 69
69 70
70 71
71 72
72 73
73 74
74 75
75 76
76 77
77 78
78 79
79 80
80 81
81 82
82 83
83 84
84 85
85 86
86 87
87 88
88 89
89 90
90 91
91 92
92 93
93 94
94 95
95 96
96 97
97 98
99 100
100 101
101 102
102 103
103 104
104 105
105 106
106 107
107 108
108 109
109 110
110 111
111 112
112 113
113 114
114 115
115 116
116 117
117 118
118 119
119 120
120 121
121 122
122 123
123 124
124 125
125 126
126 127
127 128
128 129
129 130
130 131
131 132
132 133
133 134
134 135
135 136
136 137
137 138
138 139
139 140
140 141
141 142
142 143
143 144
144 145
145 146
146 147
147 148
148 149
150 151
151 152
152 153
153 154
154 155
155 156
156 157
157 158
158 159
159 160
160 161
161 162
162 163
163 164
164 165
165 166
166 167
167 168
168 169
169 170
170 171
171 172
172 173
173 174
174 175
175 176
177 178
178 179
179 180
180 181
181 182
182 183
183 184
184 185
185 186
186 187
187 188
188 189
189 190
190 191
191 192
192 193
193 194
194 195
195 196
196 197
198 199
199 200
200 201
201 202
202 203
203 204
204 205
205 206
206 207
207 208
208 209
209 210
210 211
211 212
212 213
213 214
214 215
215 216
216 217
217 218
218 219
219 220
220 221
221 222
222 223
224 225
225 226
226 227
227 228
228 229
229 230
230 231
231 232
232 233
233 234
234 235
235 236
236 237
237 238
238 239
239 240
240 241
241 242
242 243
243 244
244 245
245 246
246 247
247 248
248 249
249 250
250 251
251 252
252 253
253 254
254 255
255 256
256 257
257 258
258 259
259 260
260 261
261 262
262 263
263 264
264 265
265 266
266 267
267 268
268 269
269 270
270 271
272 273
273 274
274 275
275 276
276 277
277 278
278 279
279 280
280 281
281 282
282 283
283 284
284 285
285 286
286 287
287 288
288 289
289 290
290 291
291 292
292 293
293 294
294 295
295 296
296 297
297 298
298 299
299 300
300 301
301 302
302 303
303 304
304 305
305 306
306 307
307 308
308 309
309 310
310 311
311 312
312 313
313 314
314 315
315 316
316 317
318 319
319 320
320 321
321 322
322 323
323 324
324 325
325 326
326 327
327 328
328 329
329 330
330 331
331 332
332 333
333 334
334 335
335 336
336 337
337 338
338 339
339 340
340 341
341 342
342 343
343 344
344 345
346 347
347 348
348 349
349 350
350 351
351 352
352 353
353 354
354 355
355 356
356 357
357 358
358 359
359 360
360 361
361 362
362 363
363 364
364 365
365 366
366 367
367 368
369 370
370 371
371 372
372 373
373 374
374 375
375 376
376 377
377 378
378 379
379 380
380 381
381 382
382 383
383 384
384 385
385 386
386 387
387 388
388 389
389 390
390 391
391 392
392 393
393 394
394 395
395 396
396 397
397 398
398 399
399 400
400 401
401 402
402 403
404 405
405 406
406 407
407 408
408 409
409 410
410 411
411 412
412 413
413 414
414 415
415 416
416 417
417 418
418 419
419 420
421 422
422 423
423 424
424 425
425 426
426 427
427 428
428 429
429 430
430 431
431 432
432 433
433 434
434 435
435 436
436 437
437 438
438 439
439 440
440 441
441 442
442 443
443 444
444 445
445 446
446 447
447 448
448 449
449 450
451 452
452 453
453 454
454 455
455 456
456 457
457 458
458 459
459 460
460 461
461 462
462 463
463 464
464 465
465 466
467 468
468 469
469 470
470 471
471 472
472 473
473 474
474 475
475 476
476 477
477 478
478 479
479 480
480 481
481 482
482 483
483 484
484 485
486 487
487 488
488 489
489 490
490 491
491 492
492 493
493 494
494 495
495 496
496 497
497 498
498 499
499 500
500 501
501 502
502 503
503 504
504 505
505 506
506 507
507 508
508 509
509 510
510 511
511 512
512 513
513 514
514 515
515 516
516 517
517 518
518 519
519 520
520 521
521 522
522 523
523 524
524 525
525 526
526 527
527 528
528 529
529 530
530 531
531 532
532 533
534 535
535 536
536 537
537 538
538 539
539 540
540 541
541 542
542 543
543 544
544 545
545 546
546 547
547 548
548 549
549 550
550 551
551 552
552 553
553 554
554 555
555 556
556 557
557 558
558 559
559 560
560 561
561 562
562 563
563 564
564 565
565 566
566 567
567 568
568 569
569 570
570 571
571 572
572 573
573 574
574 575
575 576
576 577
577 578
578 579
579 580
580 581
581 582
582 583
583 584
584 585
585 586
587 588
588 589
589 590
590 591
591 592
592 593
593 594
594 595
595 596
596 597
597 598
598 599
599 600
600 601
601 602
603 604
604 605
605 606
606 607
607 608
608 609
609 610
610 611
611 612
612 613
613 614
615 616
616 617
617 618
618 619
619 620
620 621
621 622
622 623
623 624
624 625
625 626
627 628
628 629
629 630
630 631
631 632
632 633
633 634
634 635
636 637
637 638
638 639
639 640
640 641
641 642
642 643
643 644
644 645
645 646
646 647
647 648
649 650
650 651
651 652
652 653
653 654
654 655
655 656
656 657
657 658
658 659
659 660
660 661
661 662
662 663
663 664
664 665
665 666
666 667
667 668
668 669
669 670
671 672
672 673
673 674
674 675
675 676
676 677
677 678
678 679
679 680
680 681
681 682
682 683
683 684
684 685
685 686
686 687
687 688
688 689
689 690
690 691
691 692
694 695
695 696
696 697
697 698
698 699
699 700
700 701
701 702
703 704
704 705
705 706
706 707
707 708
708 709
709 710
710 711
711 712
712 713
713 714
714 715
715 716
716 717
717 718
718 719
719 720
720 721
721 722
722 723
723 724
724 725
725 726
726 727
727 728
728 729
730 731
731 732
732 733
733 734
734 735
735 736
736 737
737 738
738 739
739 740
740 741
741 742
742 743
743 744
744 745
745 746
747 748
748 749
749 750
750 751
751 752
752 753
753 754
754 755
755 756
756 757
757 758
758 759
759 760
760 761
761 762
762 763
763 764
764 765
765 766
766 767
767 768
768 769
769 770
770 771
771 772
772 773
773 774
774 775
775 776
776 777
777 778
778 779
779 780
780 781
781 782
782 783
783 784
784 785
785 786
786 787
787 788
788 789
789 790
790 791
792 793
793 794
794 795
795 796
796 797
797 798
798 799
799 800
800 801
801 802
802 803
803 804
804 805
805 806
806 807
807 808
809 810
810 811
811 812
812 813
813 814
814 815
815 816
816 817
817 818
818 819
819 820
820 821
821 822
822 823
823 824
824 825
825 826
826 827
827 828
829 830
830 831
831 832
832 833
833 834
834 835
835 836
836 837
837 838
839 840
840 841
841 842
842 843
843 844
844 845
845 846
846 847
847 848
848 849
849 850
850 851
852 853
853 854
854 855
855 856
856 857
857 858
858 859
859 860
861 862
862 863
863 864
864 865
865 866
866 867
867 868
868 869
869 870
870 871
871 872
872 873
873 874
874 875
875 876
876 877
877 878
878 879
879 880
880 881
881 882
882 883
883 884
884 885
886 887
887 888
888 889
889 890
890 891
891 892
892 893
893 894
894 895
896 897
897 898
898 899
899 900
900 901
901 902
902 903
904 905
905 906
906 907
907 908
908 909
909 910
910 911
912 913
913 914
914 915
915 916
916 917
917 918
918 919
919 920
920 921
921 922
922 923
923 924
924 925
925 926
926 927
927 928
928 929
929 930
931 932
932 933
933 934
934 935
935 936
936 937
937 938
938 939
939 940
941 942
942 943
943 944
944 945
945 946
946 947
947 948
948 949
949 950
950 951
951 952
952 953
953 954
954 955
