4461
38 990
38 992
39 993
40 993
41 994
706 994
707 993
708 993
709 992
709 990
708 989
707 989
706 988
682 988
681 987
62 987
61 988
41 988
40 989
39 989
259 24
258 25
254 25
253 26
248 26
247 27
244 27
243 28
240 28
239 29
237 29
236 30
233 30
232 31
230 31
229 32
227 32
226 33
224 33
223 34
222 34
221 35
219 35
218 36
217 36
216 37
214 37
213 38
212 38
211 39
210 39
209 40
208 40
207 41
206 41
205 42
204 42
202 44
201 44
200 45
199 45
197 47
196 47
195 48
194 48
192 50
191 50
189 52
188 52
185 55
184 55
180 59
179 59
162 76
162 77
157 82
157 83
154 86
154 87
152 89
152 90
150 92
150 93
148 95
148 96
146 98
146 99
145 100
145 101
143 103
143 104
142 105
142 106
140 108
140 109
139 110
139 111
132 118
130 118
129 119
127 119
126 120
124 120
123 121
121 121
120 122
118 122
117 123
116 123
112 127
112 128
111 129
111 130
110 131
110 133
109 134
109 136
108 137
108 139
107 140
107 142
106 143
106 144
105 145
105 147
104 148
104 150
103 151
103 153
102 154
102 155
101 156
101 157
100 158
100 160
99 161
99 163
98 164
98 166
97 167
97 169
96 170
96 171
95 172
95 173
94 174
94 177
93 178
93 185
94 186
94 190
95 191
95 198
96 199
96 206
97 207
97 211
98 212
98 216
99 217
99 221
100 222
100 227
101 228
101 233
102 234
102 238
103 239
103 244
104 245
104 249
105 250
105 254
106 255
106 260
107 261
107 265
108 266
108 269
109 270
109 274
110 275
110 279
111 280
111 283
112 284
112 287
113 288
113 291
114 292
114 296
115 297
115 300
116 301
116 305
117 306
117 309
118 310
118 313
119 314
119 317
120 318
120 320
121 321
121 325
122 326
122 328
123 329
123 333
124 334
124 336
125 337
125 340
126 341
126 344
127 345
127 348
128 349
128 351
127 352
127 355
125 357
125 358
121 362
121 363
117 367
117 368
111 374
111 375
107 379
107 380
102 385
102 386
98 390
98 391
93 396
93 397
87 403
87 404
85 406
85 407
83 409
83 410
82 411
82 414
81 415
81 419
80 420
80 423
79 424
79 427
78 428
78 431
77 432
77 435
76 436
76 439
75 440
75 443
74 444
74 447
73 448
73 450
72 451
72 454
71 455
71 458
70 459
70 462
69 463
69 466
68 467
68 470
67 471
67 474
66 475
66 478
65 479
65 483
64 484
64 486
63 487
63 490
62 491
62 494
61 495
61 498
60 499
60 502
59 503
59 506
58 507
58 509
57 510
57 513
56 514
56 517
55 518
55 521
54 522
54 524
53 525
53 528
52 529
52 538
53 539
53 540
56 543
57 543
58 544
60 544
61 545
63 545
64 546
66 546
67 547
69 547
70 548
71 548
72 549
74 549
75 550
77 550
78 551
80 551
81 552
83 552
84 553
85 553
86 554
88 554
89 555
91 555
92 556
94 556
95 557
97 557
98 558
100 558
101 559
103 559
104 560
106 560
107 561
109 561
110 562
111 562
112 563
114 563
115 564
117 564
118 565
120 565
121 566
123 566
124 567
125 567
126 568
128 568
129 569
131 569
132 570
133 570
134 571
136 571
137 572
139 572
140 573
142 573
143 574
145 574
146 575
147 575
148 576
150 576
151 577
154 577
155 578
160 578
162 576
163 576
163 575
165 573
165 566
166 565
166 559
167 558
167 553
168 552
168 546
169 545
169 539
170 538
170 532
171 531
171 525
172 524
172 519
173 518
173 514
174 513
174 510
175 509
175 506
176 505
176 504
177 503
181 503
183 505
183 507
184 508
184 509
185 510
185 511
186 512
186 513
187 514
187 515
188 516
188 518
189 519
189 520
190 521
190 523
191 524
191 525
192 526
192 527
193 528
193 529
194 530
194 531
195 532
195 533
196 534
196 536
197 537
197 538
198 539
198 540
199 541
199 542
200 543
200 544
201 545
201 546
202 547
202 549
203 550
203 551
204 552
204 553
205 554
205 555
206 556
206 557
207 558
207 559
208 560
208 561
211 564
212 564
213 565
221 565
222 564
225 564
226 563
229 563
230 562
233 562
234 561
236 561
237 562
238 562
242 566
242 567
243 568
243 569
244 570
244 571
245 572
245 573
246 574
246 575
247 576
247 579
248 580
248 593
249 594
249 671
250 672
250 726
251 727
251 733
252 734
252 737
253 738
253 739
254 740
254 741
255 742
255 743
256 744
256 745
257 746
257 748
258 749
258 750
259 751
259 753
260 754
260 755
261 756
261 758
262 759
262 760
263 761
263 763
264 764
264 765
265 766
265 767
266 768
266 770
267 771
267 772
268 773
268 775
269 776
269 777
270 778
270 779
271 780
271 782
272 783
272 784
273 785
273 787
274 788
274 789
275 790
275 792
276 793
276 794
277 795
277 797
278 798
278 799
279 800
279 801
280 802
280 804
281 805
281 807
282 808
282 809
283 810
283 811
284 812
284 814
285 815
285 816
286 817
286 819
287 820
287 821
288 822
288 823
289 824
289 826
290 827
290 828
291 829
291 830
292 831
292 833
293 834
293 835
294 836
294 837
295 838
295 840
296 841
296 842
297 843
297 845
298 846
298 847
299 848
299 850
300 851
300 859
299 860
299 863
298 864
298 866
297 867
297 870
296 871
296 875
295 876
295 880
294 881
294 884
293 885
293 887
292 888
292 890
291 891
291 894
290 895
290 898
289 899
289 902
288 903
288 906
287 907
287 910
286 911
286 915
285 916
285 919
284 920
284 923
283 924
283 926
282 927
282 929
281 930
281 934
280 935
280 938
279 939
279 942
278 943
278 947
277 948
277 954
281 958
297 958
298 957
324 957
325 956
348 956
349 955
366 955
368 953
369 953
369 952
371 950
371 948
372 947
372 944
373 943
373 939
374 938
374 934
375 933
375 929
376 928
376 924
377 923
377 918
378 917
378 913
379 912
379 908
380 907
380 904
381 903
381 899
382 898
382 895
383 894
383 890
384 889
384 884
385 883
385 879
386 878
386 874
387 873
387 869
388 868
388 863
389 862
389 858
390 857
390 854
391 853
391 850
392 849
392 846
393 845
393 841
394 840
394 836
395 835
395 830
396 829
396 819
395 818
395 815
394 814
394 813
393 812
393 811
392 810
392 809
391 808
391 805
390 804
390 802
389 801
389 799
388 798
388 797
387 796
387 794
386 793
386 792
385 791
385 789
384 788
384 786
383 785
383 783
382 782
382 780
381 779
381 778
380 777
380 776
379 775
379 774
378 773
378 771
377 770
377 768
376 767
376 765
375 764
375 762
374 761
374 759
373 758
373 757
372 756
372 754
371 753
371 751
370 750
370 749
369 748
369 746
368 745
368 743
367 742
367 740
366 739
366 738
365 737
365 735
364 734
364 732
363 731
363 729
362 728
362 726
361 725
361 724
360 723
360 721
359 720
359 713
360 712
360 711
361 710
361 709
362 708
362 706
363 705
363 704
364 703
364 702
365 701
365 700
366 699
366 698
367 697
367 696
368 695
368 693
369 692
369 691
370 690
370 689
371 688
371 687
372 686
372 685
373 684
373 682
374 681
374 680
375 679
375 678
376 677
376 676
377 675
377 674
378 673
378 672
379 671
379 669
380 668
380 667
381 666
381 665
382 664
382 663
383 662
383 661
384 660
384 658
385 657
385 656
386 655
386 654
387 653
387 652
388 651
388 650
389 649
389 647
390 646
390 645
391 644
391 643
392 642
392 641
393 640
393 638
394 637
394 636
395 635
395 634
396 633
396 632
397 631
397 630
398 629
398 628
399 627
399 626
400 625
400 624
405 619
406 619
407 618
409 618
410 619
413 619
414 620
416 620
417 621
419 621
420 622
422 622
423 623
425 623
426 624
428 624
429 625
431 625
432 626
434 626
435 627
437 627
438 628
439 628
440 629
442 629
443 630
445 630
446 631
448 631
449 632
451 632
452 633
454 633
455 634
457 634
458 635
460 635
461 636
463 636
464 637
466 637
467 638
469 638
470 639
471 639
472 640
474 640
475 641
477 641
478 642
480 642
481 643
482 643
483 644
485 644
487 646
487 647
489 649
489 650
488 651
488 653
487 654
487 655
486 656
486 657
485 658
485 659
484 660
484 661
483 662
483 663
482 664
482 665
481 666
481 667
480 668
480 670
479 671
479 672
478 673
478 674
477 675
477 676
476 677
476 678
475 679
475 680
474 681
474 682
473 683
473 684
472 685
472 686
471 687
471 688
470 689
470 690
469 691
469 692
468 693
468 694
467 695
467 696
466 697
466 698
465 699
465 700
464 701
464 702
463 703
463 704
462 705
462 706
461 707
461 709
460 710
460 711
459 712
459 713
458 714
458 715
457 716
457 717
456 718
456 719
455 720
455 721
454 722
454 724
453 725
453 728
452 729
452 736
453 737
453 739
454 740
454 742
455 743
455 745
456 746
456 749
457 750
457 752
458 753
458 755
459 756
459 758
460 759
460 761
461 762
461 764
462 765
462 767
463 768
463 770
464 771
464 773
465 774
465 776
466 777
466 780
467 781
467 783
468 784
468 787
469 788
469 790
470 791
470 794
471 795
471 797
472 798
472 799
473 800
473 802
474 803
474 805
475 806
475 809
476 810
476 812
477 813
477 815
478 816
478 818
479 819
479 821
480 822
480 824
481 825
481 828
482 829
482 831
483 832
483 834
484 835
484 837
485 838
485 840
486 841
486 843
487 844
487 846
488 847
488 849
489 850
489 852
490 853
490 856
491 857
491 859
492 860
492 862
493 863
493 864
494 865
494 866
496 868
497 868
498 869
504 869
505 868
508 868
509 867
510 867
511 866
513 866
514 865
516 865
517 864
518 864
519 863
521 863
522 862
524 862
525 861
526 861
527 860
529 860
530 859
531 859
532 858
533 858
534 857
536 857
537 856
539 856
540 855
541 855
542 854
544 854
545 853
547 853
548 852
549 852
550 851
552 851
553 850
554 850
555 849
557 849
558 848
559 848
560 847
562 847
563 846
564 846
565 845
567 845
568 844
569 844
570 843
572 843
573 842
575 842
576 841
578 841
579 840
580 840
581 839
582 839
583 838
583 837
585 835
585 827
584 826
584 823
583 822
583 819
582 818
582 816
581 815
581 812
580 811
580 809
579 808
579 806
578 805
578 803
577 802
577 800
576 799
576 796
575 795
575 793
574 792
574 790
573 789
573 786
572 785
572 783
571 782
571 780
570 779
570 777
569 776
569 773
568 772
568 769
567 768
567 766
566 765
566 763
565 762
565 760
564 759
564 756
563 755
563 753
562 752
562 750
561 749
561 746
560 745
560 742
559 741
559 735
560 734
560 732
561 731
561 730
562 729
562 728
563 727
563 726
564 725
564 724
565 723
565 722
566 721
566 719
567 718
567 717
568 716
568 715
569 714
569 713
570 712
570 711
571 710
571 709
572 708
572 707
573 706
573 705
574 704
574 703
575 702
575 700
576 699
576 698
577 697
577 696
578 695
578 694
579 693
579 692
580 691
580 690
581 689
581 688
582 687
582 686
583 685
583 684
584 683
584 681
585 680
585 679
586 678
586 677
587 676
587 675
588 674
588 673
589 672
589 671
590 670
590 668
591 667
591 666
592 665
592 664
593 663
593 662
594 661
594 660
595 659
595 658
596 657
596 656
597 655
597 654
598 653
598 652
599 651
599 649
600 648
600 647
601 646
601 645
602 644
602 643
603 642
603 641
604 640
604 639
605 638
605 637
606 636
606 635
607 634
607 632
608 631
608 626
607 625
607 624
606 623
606 622
603 619
603 618
598 613
598 612
593 607
593 606
588 601
588 600
581 593
581 592
575 586
575 585
569 579
569 578
564 573
564 572
557 565
557 564
552 559
552 558
546 552
546 551
541 546
541 545
537 541
537 540
530 533
530 532
525 527
525 526
516 517
516 516
512 512
512 511
507 506
507 505
496 494
495 494
489 488
489 487
487 485
487 482
486 481
486 478
487 477
487 476
493 470
494 470
495 469
496 469
497 468
498 468
499 467
500 467
501 466
502 466
503 465
504 465
506 463
507 463
511 459
511 458
512 457
512 440
511 439
511 434
510 433
510 428
509 427
509 422
508 421
508 414
507 413
507 407
506 406
506 401
505 400
505 395
504 394
504 389
503 388
503 383
502 382
502 377
501 376
501 370
500 369
500 361
504 357
541 357
542 358
569 358
570 359
605 359
606 360
646 360
647 359
648 359
650 357
650 356
651 355
651 257
647 253
645 253
644 252
635 252
634 251
624 251
623 250
610 250
609 249
598 249
597 248
585 248
584 247
572 247
571 246
554 246
553 245
530 245
529 244
514 244
513 243
500 243
499 242
488 242
487 241
480 241
479 240
477 240
473 236
473 235
472 234
472 230
471 229
471 225
470 224
470 221
469 220
469 217
468 216
468 213
467 212
467 209
466 208
466 205
465 204
465 201
464 200
464 197
463 196
463 193
462 192
462 189
461 188
461 185
460 184
460 181
459 180
459 177
458 176
458 173
457 172
457 169
456 168
456 165
455 164
455 162
454 161
454 159
453 158
453 154
452 153
452 150
451 149
451 146
450 145
450 143
449 142
449 140
448 139
448 136
447 135
447 133
446 132
446 129
445 128
445 126
444 125
444 122
443 121
443 119
442 118
442 115
441 114
441 112
440 111
440 108
439 107
439 105
438 104
438 101
437 100
437 98
436 97
436 94
435 93
435 91
434 90
434 88
433 87
433 85
432 84
432 81
431 80
431 78
430 77
430 76
429 75
429 74
427 72
427 71
418 62
417 62
412 57
411 57
408 54
407 54
402 49
401 49
398 46
397 46
396 45
395 45
394 44
393 44
392 43
382 43
381 44
378 44
377 45
374 45
373 46
370 46
369 47
363 47
362 46
361 46
360 45
359 45
358 44
357 44
356 43
355 43
354 42
353 42
352 41
351 41
350 40
349 40
348 39
347 39
346 38
345 38
344 37
343 37
342 36
341 36
340 35
339 35
338 34
336 34
335 33
333 33
332 32
330 32
329 31
328 31
327 30
325 30
324 29
321 29
320 28
317 28
316 27
312 27
311 26
306 26
305 25
298 25
297 24
284 24
283 23
269 23
268 24
383 829
386 832
386 833
387 834
386 835
386 840
385 841
385 845
384 846
384 850
383 851
383 856
382 857
382 861
381 862
381 866
380 867
380 870
379 871
379 874
378 875
378 878
377 879
377 884
376 885
376 889
375 890
375 894
374 895
374 899
373 900
373 905
372 906
372 909
371 910
371 914
370 915
370 920
369 921
369 925
368 926
368 929
367 930
367 933
366 934
366 937
365 938
365 941
364 942
364 943
359 948
357 948
356 949
340 949
339 950
290 950
286 946
286 942
287 941
287 938
288 937
288 934
289 933
289 930
290 929
290 926
291 925
291 923
292 922
292 919
293 918
293 915
294 914
294 911
295 910
295 907
296 906
296 903
297 902
297 899
298 898
298 895
299 894
299 891
300 890
300 887
301 886
301 884
302 883
302 880
303 879
303 876
304 875
304 871
305 870
305 867
306 866
306 863
307 862
307 861
308 860
308 859
310 857
310 856
311 855
312 855
315 852
316 852
317 851
319 851
320 850
322 850
323 849
325 849
326 848
328 848
329 847
331 847
332 846
334 846
335 845
337 845
338 844
340 844
341 843
342 843
343 842
345 842
346 841
348 841
349 840
351 840
352 839
354 839
355 838
356 838
357 837
360 837
361 836
363 836
364 835
366 835
367 834
369 834
370 833
372 833
373 832
375 832
376 831
377 831
378 830
380 830
381 829
462 738
465 735
480 735
481 736
493 736
494 737
503 737
504 738
511 738
512 739
519 739
520 740
534 740
535 741
542 741
543 742
545 742
546 743
547 743
548 744
549 744
552 747
552 748
553 749
553 750
554 751
554 753
555 754
555 756
556 757
556 759
557 760
557 763
558 764
558 766
559 767
559 770
560 771
560 773
561 774
561 777
562 778
562 780
563 781
563 783
564 784
564 786
565 787
565 789
566 790
566 792
567 793
567 795
568 796
568 799
569 800
569 803
570 804
570 807
571 808
571 809
572 810
572 812
573 813
573 815
574 816
574 819
575 820
575 823
576 824
576 829
575 830
575 831
573 833
572 833
570 835
568 835
567 836
566 836
565 837
564 837
563 838
562 838
561 839
559 839
558 840
556 840
555 841
553 841
552 842
550 842
549 843
548 843
547 844
546 844
545 845
544 845
543 846
541 846
540 847
538 847
537 848
536 848
535 849
533 849
532 850
531 850
530 851
528 851
527 852
525 852
524 853
523 853
522 854
520 854
519 855
518 855
517 856
515 856
514 857
513 857
512 858
510 858
509 859
507 859
506 860
504 860
503 859
502 859
499 856
499 855
498 854
498 852
497 851
497 849
496 848
496 846
495 845
495 843
494 842
494 840
493 839
493 837
492 836
492 834
491 833
491 830
490 829
490 827
489 826
489 824
488 823
488 822
487 821
487 819
486 818
486 815
485 814
485 812
484 811
484 809
483 808
483 806
482 805
482 803
481 802
481 800
480 799
480 796
479 795
479 793
478 792
478 790
477 789
477 787
476 786
476 784
475 783
475 780
474 779
474 777
473 776
473 774
472 773
472 771
471 770
471 768
470 767
470 765
469 764
469 761
468 760
468 758
467 757
467 755
466 754
466 752
465 751
465 748
464 747
464 745
463 744
463 742
462 741
348 724
349 725
350 725
354 729
354 730
355 731
355 732
356 733
356 735
357 736
357 738
358 739
358 741
359 742
359 743
360 744
360 746
361 747
361 749
362 750
362 752
363 753
363 755
364 756
364 757
365 758
365 760
366 761
366 763
367 764
367 765
368 766
368 768
369 769
369 771
370 772
370 774
371 775
371 777
372 778
372 779
373 780
373 782
374 783
374 785
375 786
375 787
376 788
376 790
377 791
377 792
378 793
378 795
379 796
379 798
380 799
380 801
381 802
381 803
382 804
382 806
383 807
383 809
384 810
384 811
385 812
385 815
384 816
384 817
381 820
380 820
379 821
376 821
375 822
373 822
372 823
370 823
369 824
366 824
365 825
363 825
362 826
360 826
359 827
357 827
356 828
354 828
353 829
351 829
350 830
348 830
347 831
345 831
344 832
341 832
340 833
338 833
337 834
335 834
334 835
332 835
331 836
329 836
328 837
326 837
325 838
323 838
322 839
320 839
319 840
316 840
315 841
313 841
312 842
308 842
307 841
306 841
304 839
304 838
303 837
303 836
302 835
302 834
301 833
301 832
300 831
300 830
299 829
299 828
298 827
298 826
297 825
297 823
296 822
296 820
295 819
295 817
294 816
294 815
293 814
293 812
292 811
292 810
291 809
291 808
290 807
290 805
289 804
289 802
288 801
288 800
287 799
287 798
286 797
286 795
285 794
285 793
284 792
284 790
283 789
283 788
282 787
282 786
281 785
281 783
280 782
280 781
279 780
279 778
278 777
278 776
277 775
277 774
276 773
276 771
275 770
275 769
274 768
274 766
273 765
273 764
272 763
272 761
271 760
271 759
270 758
270 757
269 756
269 754
268 753
268 752
267 751
267 750
266 749
266 747
265 746
265 745
264 744
264 742
263 741
263 740
262 739
262 738
261 737
261 732
265 728
281 728
282 727
302 727
303 726
320 726
321 725
329 725
330 724
594 638
594 642
593 643
593 644
592 645
592 646
591 647
591 648
590 649
590 650
589 651
589 653
588 654
588 655
587 656
587 657
586 658
586 659
585 660
585 661
584 662
584 663
583 664
583 665
582 666
582 667
581 668
581 669
580 670
580 671
579 672
579 673
578 674
578 675
577 676
577 678
576 679
576 680
575 681
575 682
574 683
574 684
573 685
573 686
572 687
572 688
571 689
571 690
570 691
570 693
569 694
569 695
568 696
568 697
567 698
567 699
566 700
566 701
565 702
565 703
564 704
564 705
563 706
563 707
562 708
562 709
561 710
561 712
560 713
560 714
559 715
559 716
558 717
558 718
557 719
557 720
556 721
556 723
555 724
555 725
554 726
554 727
553 728
553 729
550 732
549 732
547 734
541 734
540 733
534 733
533 732
526 732
525 731
516 731
515 730
503 730
502 729
492 729
491 728
482 728
481 727
475 727
474 726
470 726
469 725
468 725
466 723
466 722
465 721
465 719
466 718
466 716
467 715
467 714
468 713
468 712
469 711
469 710
470 709
470 708
471 707
471 706
472 705
472 704
473 703
473 702
474 701
474 700
475 699
475 698
476 697
476 696
477 695
477 694
478 693
478 692
479 691
479 690
480 689
480 688
481 687
481 686
482 685
482 684
483 683
483 682
484 681
484 680
485 679
485 678
486 677
486 676
487 675
487 674
488 673
488 672
489 671
489 670
490 669
490 668
491 667
491 666
492 665
492 664
493 663
493 662
494 661
494 660
495 659
495 658
496 657
496 656
497 655
497 654
498 653
498 652
499 651
499 650
502 647
503 647
505 645
507 645
508 644
515 644
516 643
524 643
525 642
533 642
534 641
541 641
542 640
550 640
551 639
559 639
560 638
568 638
569 637
577 637
578 636
585 636
586 635
591 635
364 539
366 541
367 541
369 543
369 544
370 545
370 546
371 547
371 548
372 549
372 551
373 552
373 554
374 555
374 557
375 558
375 560
376 561
376 562
377 563
377 565
378 566
378 568
379 569
379 571
380 572
380 573
381 574
381 575
382 576
382 578
383 579
383 581
384 582
384 584
385 585
385 587
386 588
386 589
387 590
387 592
388 593
388 594
389 595
389 597
390 598
390 600
391 601
391 603
392 604
392 605
393 606
393 608
394 609
394 617
393 618
393 619
392 620
392 622
391 623
391 624
390 625
390 627
389 628
389 629
388 630
388 631
387 632
387 633
386 634
386 636
385 637
385 638
384 639
384 640
383 641
383 642
382 643
382 644
381 645
381 647
380 648
380 649
379 650
379 651
378 652
378 653
377 654
377 655
376 656
376 657
375 658
375 660
374 661
374 662
373 663
373 664
372 665
372 666
371 667
371 669
370 670
370 671
369 672
369 673
368 674
368 675
367 676
367 677
366 678
366 679
365 680
365 682
364 683
364 684
363 685
363 686
362 687
362 688
361 689
361 690
360 691
360 693
359 694
359 695
358 696
358 697
357 698
357 699
356 700
356 701
355 702
355 703
354 704
354 705
353 706
353 707
352 708
352 709
351 710
351 711
346 716
345 716
344 717
287 717
286 716
268 716
267 715
262 715
257 710
257 694
256 693
256 601
257 600
257 580
258 579
258 578
261 575
262 575
263 574
264 574
265 573
267 573
268 572
270 572
271 571
272 571
273 570
275 570
276 569
278 569
279 568
281 568
282 567
284 567
285 566
287 566
288 565
289 565
290 564
292 564
293 563
295 563
296 562
299 562
300 561
302 561
303 560
304 560
305 559
306 559
307 558
309 558
310 557
312 557
313 556
315 556
316 555
318 555
319 554
321 554
322 553
324 553
325 552
327 552
328 551
329 551
330 550
332 550
333 549
335 549
336 548
337 548
338 547
340 547
341 546
343 546
344 545
346 545
347 544
349 544
350 543
352 543
353 542
355 542
356 541
358 541
359 540
361 540
362 539
379 539
380 538
380 537
384 533
385 533
386 532
388 532
389 531
391 531
392 530
394 530
395 529
397 529
398 528
400 528
401 527
403 527
404 526
406 526
407 525
409 525
410 524
412 524
413 523
415 523
416 522
418 522
419 521
421 521
422 520
424 520
425 519
427 519
428 518
430 518
431 517
433 517
434 516
437 516
438 515
440 515
441 514
443 514
444 513
446 513
447 512
449 512
450 511
452 511
453 510
455 510
456 509
459 509
460 508
462 508
463 507
464 507
465 506
467 506
468 505
471 505
472 504
475 504
476 503
478 503
479 502
481 502
482 501
484 501
485 500
488 500
489 501
490 501
491 502
492 502
499 509
499 510
504 515
504 516
510 522
510 523
515 528
515 529
521 535
521 536
527 542
527 543
534 550
534 551
539 556
539 557
545 563
545 564
551 570
551 571
556 576
556 577
562 583
562 584
567 589
567 590
573 596
573 597
579 603
579 604
586 611
586 612
591 617
591 618
592 619
592 622
589 625
588 625
587 626
582 626
581 627
576 627
575 628
568 628
567 629
562 629
561 630
558 630
557 631
553 631
552 632
546 632
545 633
538 633
537 634
530 634
529 635
522 635
521 636
514 636
513 637
504 637
503 638
493 638
492 637
489 637
488 636
485 636
484 635
482 635
481 634
479 634
478 633
476 633
475 632
473 632
472 631
470 631
469 630
467 630
466 629
464 629
463 628
462 628
461 627
459 627
458 626
456 626
455 625
453 625
452 624
450 624
449 623
447 623
446 622
444 622
443 621
441 621
440 620
438 620
437 619
435 619
434 618
432 618
431 617
430 617
429 616
427 616
426 615
424 615
423 614
421 614
420 613
418 613
417 612
415 612
414 611
413 611
412 610
411 610
410 609
409 609
405 605
405 604
403 602
403 601
402 600
402 598
401 597
401 596
400 595
400 593
399 592
399 590
398 589
398 588
397 587
397 585
396 584
396 582
395 581
395 580
394 579
394 577
393 576
393 575
392 574
392 572
391 571
391 569
390 568
390 567
389 566
389 564
388 563
388 561
387 560
387 559
386 558
386 557
385 556
385 554
384 553
384 552
383 551
383 549
382 548
382 546
381 545
381 544
380 543
380 540
196 457
199 457
200 458
200 459
201 460
201 461
202 462
202 464
203 465
203 466
204 467
204 469
205 470
205 471
206 472
206 474
207 475
207 477
208 478
208 479
209 480
209 482
210 483
210 484
211 485
211 487
212 488
212 489
213 490
213 492
214 493
214 495
215 496
215 497
216 498
216 500
217 501
217 503
218 504
218 505
219 506
219 508
220 509
220 510
221 511
221 513
222 514
222 515
223 516
223 518
224 519
224 521
225 522
225 523
226 524
226 526
227 527
227 528
228 529
228 531
229 532
229 533
230 534
230 536
231 537
231 538
232 539
232 541
233 542
233 543
234 544
234 546
235 547
235 549
234 550
234 551
231 554
229 554
228 555
225 555
224 556
218 556
216 554
215 554
213 552
213 551
212 550
212 549
211 548
211 547
210 546
210 544
209 543
209 542
208 541
208 540
207 539
207 538
206 537
206 536
205 535
205 534
204 533
204 531
203 530
203 529
202 528
202 527
201 526
201 525
200 524
200 522
199 521
199 520
198 519
198 518
197 517
197 516
196 515
196 514
195 513
195 511
194 510
194 509
193 508
193 507
192 506
192 504
191 503
191 502
190 501
190 500
189 499
189 498
188 497
188 495
187 494
187 493
186 492
186 491
185 490
185 482
186 481
186 479
187 478
187 476
188 475
188 474
189 473
189 471
190 470
190 469
191 468
191 466
192 465
192 464
193 463
193 461
194 460
194 459
90 429
93 429
163 499
163 500
164 501
164 502
165 503
165 509
164 510
164 517
163 518
163 525
162 526
162 531
161 532
161 537
160 538
160 545
159 546
159 553
158 554
158 561
157 562
157 563
154 566
153 566
152 567
151 566
149 566
148 565
146 565
145 564
143 564
142 563
141 563
140 562
138 562
137 561
135 561
134 560
132 560
131 559
129 559
128 558
126 558
125 557
123 557
122 556
120 556
119 555
118 555
117 554
115 554
114 553
112 553
111 552
109 552
108 551
106 551
105 550
104 550
103 549
101 549
100 548
98 548
97 547
95 547
94 546
92 546
91 545
90 545
89 544
87 544
86 543
84 543
83 542
81 542
80 541
78 541
77 540
76 540
75 539
73 539
72 538
70 538
69 537
68 537
67 536
66 536
64 534
64 533
62 531
62 527
63 526
63 523
64 522
64 519
65 518
65 516
66 515
66 512
67 511
67 508
68 507
68 504
69 503
69 501
70 500
70 497
71 496
71 493
72 492
72 489
73 488
73 485
74 484
74 481
75 480
75 478
76 477
76 473
77 472
77 469
78 468
78 465
79 464
79 461
80 460
80 457
81 456
81 453
82 452
82 449
83 448
83 446
84 445
84 442
85 441
85 438
86 437
86 434
87 433
87 432
469 356
482 356
483 357
486 357
491 362
491 364
492 365
492 369
493 370
493 377
494 378
494 382
495 383
495 386
496 387
496 392
497 393
497 398
498 399
498 405
499 406
499 411
500 412
500 417
501 418
501 425
502 426
502 431
503 432
503 438
504 439
504 446
505 447
505 452
503 454
503 455
501 457
500 457
499 458
498 458
497 459
496 459
495 460
494 460
493 461
492 461
491 462
490 462
489 463
487 463
486 462
485 462
482 459
482 456
481 455
481 450
480 449
480 445
479 444
479 438
478 437
478 433
477 432
477 427
476 426
476 422
475 421
475 417
474 416
474 412
473 411
473 406
472 405
472 401
471 400
471 395
470 394
470 389
469 388
469 382
468 381
468 378
467 377
467 372
466 371
466 366
465 365
465 360
153 342
154 342
155 343
156 343
158 345
158 346
159 347
159 349
160 350
160 351
161 352
161 353
162 354
162 355
163 356
163 358
164 359
164 360
165 361
165 362
166 363
166 365
167 366
167 367
168 368
168 369
169 370
169 372
170 373
170 374
171 375
171 377
172 378
172 379
173 380
173 382
174 383
174 384
175 385
175 386
176 387
176 389
177 390
177 391
178 392
178 393
179 394
179 396
180 397
180 398
181 399
181 401
182 402
182 403
183 404
183 405
184 406
184 408
185 409
185 410
186 411
186 413
187 414
187 415
188 416
188 417
189 418
189 419
190 420
190 422
191 423
191 424
192 425
192 427
193 428
193 431
194 432
194 433
193 434
193 437
192 438
192 439
191 440
191 441
190 442
190 444
189 445
189 446
188 447
188 449
187 450
187 451
186 452
186 454
185 455
185 457
184 458
184 459
183 460
183 461
182 462
182 464
181 465
181 467
180 468
180 469
179 470
179 471
178 472
178 474
177 475
177 477
176 478
176 479
175 480
175 481
174 482
174 484
170 488
167 488
112 433
112 432
96 416
96 415
95 414
95 410
97 408
97 407
104 400
104 399
110 393
110 392
114 388
114 387
118 383
118 382
122 378
122 377
126 373
126 372
132 366
132 365
137 360
137 359
144 352
144 351
148 347
148 346
151 343
152 343
560 254
568 254
569 255
577 255
578 256
588 256
589 257
600 257
601 258
613 258
614 259
628 259
629 260
636 260
637 261
638 261
642 265
642 266
643 267
643 341
642 342
642 346
637 351
591 351
590 350
562 350
561 349
554 349
549 344
549 328
550 327
550 314
551 313
551 300
552 299
552 287
553 286
553 274
554 273
554 264
555 263
555 259
432 251
436 255
436 258
437 259
437 265
438 266
438 272
439 273
439 279
440 280
440 284
441 285
441 288
442 289
442 292
443 293
443 297
444 298
444 305
445 306
445 310
446 311
446 315
447 316
447 321
448 322
448 326
449 327
449 331
450 332
450 337
451 338
451 342
452 343
452 347
453 348
453 351
454 352
454 356
455 357
455 361
456 362
456 366
457 367
457 374
458 375
458 379
459 380
459 385
460 386
460 389
461 390
461 395
462 396
462 400
463 401
463 406
464 407
464 411
465 412
465 417
466 418
466 422
467 423
467 428
468 429
468 433
469 434
469 438
470 439
470 444
471 445
471 449
472 450
472 455
473 456
473 461
474 462
474 466
475 467
475 472
476 473
476 477
477 478
477 483
478 484
478 490
477 491
477 492
474 495
473 495
472 496
471 496
470 497
468 497
467 498
465 498
464 499
462 499
461 500
459 500
458 501
455 501
454 502
452 502
451 503
449 503
448 504
446 504
445 505
443 505
442 506
440 506
439 507
437 507
436 508
434 508
433 509
431 509
430 510
427 510
426 511
424 511
423 512
421 512
420 513
418 513
417 514
415 514
414 515
412 515
411 516
409 516
408 517
406 517
405 518
403 518
402 519
400 519
399 520
396 520
395 521
393 521
392 522
390 522
389 523
387 523
386 524
385 524
384 525
382 525
381 526
378 526
377 527
374 527
373 528
370 528
369 529
366 529
365 530
363 530
362 531
360 531
359 532
358 532
357 533
355 533
354 534
352 534
351 535
349 535
348 536
346 536
345 537
343 537
342 538
340 538
339 539
337 539
336 540
335 540
334 541
332 541
331 542
329 542
328 543
326 543
325 544
323 544
322 545
320 545
319 546
318 546
317 547
315 547
314 548
312 548
311 549
309 549
308 550
306 550
305 551
303 551
302 552
300 552
299 553
297 553
296 554
295 554
294 555
292 555
291 556
289 556
288 557
286 557
285 558
283 558
282 559
280 559
279 560
278 560
277 561
275 561
274 562
272 562
271 563
269 563
268 564
266 564
265 565
264 565
263 566
261 566
260 567
256 567
251 562
251 561
250 560
250 559
249 558
249 557
248 556
248 554
247 553
247 551
246 550
246 549
245 548
245 546
244 545
244 544
243 543
243 541
242 540
242 539
241 538
241 536
240 535
240 534
239 533
239 531
238 530
238 528
237 527
237 526
236 525
236 523
235 522
235 520
234 519
234 518
233 517
233 515
232 514
232 513
231 512
231 510
230 509
230 507
229 506
229 505
228 504
228 502
227 501
227 500
226 499
226 497
225 496
225 495
224 494
224 492
223 491
223 490
222 489
222 487
221 486
221 484
220 483
220 482
219 481
219 479
218 478
218 477
217 476
217 474
216 473
216 472
215 471
215 469
214 468
214 467
213 466
213 464
212 463
212 462
211 461
211 459
210 458
210 457
209 456
209 454
208 453
208 451
207 450
207 448
206 447
206 446
205 445
205 443
204 442
204 439
203 438
203 428
202 427
202 424
201 423
201 422
200 421
200 419
199 418
199 417
198 416
198 414
197 413
197 412
196 411
196 409
195 408
195 407
194 406
194 405
193 404
193 402
192 401
192 400
191 399
191 398
190 397
190 395
189 394
189 393
188 392
188 390
187 389
187 388
186 387
186 386
185 385
185 384
184 383
184 382
183 381
183 379
182 378
182 376
181 375
181 374
180 373
180 371
179 370
179 369
178 368
178 367
177 366
177 364
176 363
176 362
175 361
175 360
174 359
174 357
173 356
173 355
172 354
172 352
171 351
171 350
170 349
170 348
169 347
169 345
168 344
168 343
167 342
167 340
166 339
166 338
167 337
167 336
171 332
172 332
173 331
175 331
176 330
178 330
179 329
181 329
182 328
185 328
186 327
188 327
189 326
191 326
192 325
194 325
195 324
205 324
206 325
207 325
208 326
209 326
210 327
211 327
212 328
214 328
215 329
216 329
217 330
218 330
219 331
221 331
222 332
223 332
224 333
226 333
227 334
229 334
230 335
232 335
233 336
235 336
236 337
239 337
240 338
243 338
244 339
248 339
249 340
253 340
254 341
261 341
262 342
299 342
300 341
305 341
306 340
311 340
312 339
315 339
316 338
319 338
320 337
323 337
324 336
327 336
328 335
330 335
331 334
333 334
334 333
336 333
337 332
338 332
339 331
340 331
341 330
342 330
343 329
344 329
345 328
346 328
347 327
348 327
349 326
350 326
351 325
352 325
353 324
354 324
355 323
356 323
357 322
358 322
359 321
360 321
362 319
363 319
365 317
366 317
368 315
369 315
371 313
372 313
375 310
376 310
381 305
382 305
398 289
398 288
403 283
403 282
406 279
406 278
408 276
408 275
409 274
409 273
411 271
411 270
413 268
413 267
415 265
415 264
416 263
416 262
417 261
417 260
419 258
419 257
423 253
424 253
426 251
428 251
429 250
430 250
431 251
448 249
449 249
450 248
462 248
463 249
477 249
478 250
490 250
491 251
504 251
505 252
517 252
518 253
531 253
532 254
538 254
543 259
543 270
542 271
542 284
541 285
541 298
540 299
540 312
539 313
539 325
538 326
538 336
537 337
537 342
536 343
536 344
535 345
535 346
534 347
533 347
531 349
516 349
515 348
492 348
491 347
473 347
472 346
467 346
466 345
465 345
461 341
461 339
460 338
460 334
459 333
459 328
458 327
458 322
457 321
457 316
456 315
456 310
455 309
455 306
454 305
454 302
453 301
453 296
452 295
452 290
451 289
451 285
450 284
450 280
449 279
449 274
448 273
448 269
447 268
447 262
446 261
446 257
445 256
445 253
446 252
446 251
115 176
118 176
119 177
120 177
121 178
121 179
122 180
122 194
123 195
123 202
124 203
124 209
125 210
125 215
126 216
126 220
127 221
127 225
128 226
128 229
129 230
129 232
130 233
130 235
131 236
131 238
132 239
132 241
133 242
133 243
134 244
134 246
135 247
135 248
136 249
136 250
137 251
137 252
138 253
138 254
139 255
139 256
141 258
141 259
142 260
142 261
143 262
143 263
144 264
144 265
146 267
146 268
147 269
147 270
149 272
149 273
151 275
151 276
153 278
153 279
156 282
156 283
161 288
161 289
178 306
179 306
183 310
184 310
186 312
186 316
184 318
183 318
182 319
180 319
179 320
177 320
176 321
174 321
173 322
171 322
170 323
168 323
167 324
164 324
163 325
155 325
154 326
153 326
138 341
136 341
133 338
133 336
132 335
132 332
131 331
131 328
130 327
130 325
129 324
129 321
128 320
128 317
127 316
127 313
126 312
126 309
125 308
125 304
124 303
124 300
123 299
123 296
122 295
122 292
121 291
121 288
120 287
120 284
119 283
119 279
118 278
118 275
117 274
117 270
116 269
116 265
115 264
115 261
114 260
114 256
113 255
113 251
112 250
112 245
111 244
111 240
110 239
110 234
109 233
109 228
108 227
108 223
107 222
107 218
106 217
106 212
105 211
105 207
104 206
104 201
103 200
103 194
102 193
102 185
104 183
104 182
106 180
107 180
108 179
109 179
110 178
112 178
113 177
114 177
126 128
127 129
128 129
130 131
130 135
129 136
129 138
128 139
128 141
127 142
127 145
126 146
126 150
125 151
125 155
124 156
124 158
123 159
123 160
117 166
116 166
115 167
114 167
113 168
112 168
111 169
110 168
109 168
107 166
107 163
108 162
108 161
109 160
109 158
110 157
110 155
111 154
111 153
112 152
112 150
113 149
113 148
114 147
114 145
115 144
115 143
116 142
116 140
117 139
117 137
118 136
118 135
124 129
125 129
411 83
414 83
415 82
418 82
419 83
420 83
425 88
425 89
426 90
426 92
427 93
427 95
428 96
428 99
429 100
429 102
430 103
430 105
431 106
431 109
432 110
432 112
433 113
433 116
434 117
434 119
435 120
435 123
436 124
436 126
437 127
437 130
438 131
438 133
439 134
439 137
440 138
440 140
441 141
441 144
442 145
442 147
443 148
443 151
444 152
444 155
445 156
445 159
446 160
446 163
447 164
447 166
448 167
448 170
449 171
449 174
450 175
450 178
451 179
451 182
452 183
452 185
453 186
453 189
454 190
454 193
455 194
455 197
456 198
456 201
457 202
457 205
458 206
458 209
459 210
459 213
460 214
460 217
461 218
461 221
462 222
462 225
463 226
463 230
464 231
464 236
460 240
455 240
454 239
431 239
429 237
429 236
428 235
428 234
429 233
429 230
430 229
430 225
431 224
431 221
432 220
432 218
433 217
433 211
434 210
434 202
435 201
435 166
434 165
434 158
433 157
433 152
432 151
432 147
431 146
431 143
430 142
430 139
429 138
429 136
428 135
428 132
427 131
427 129
426 128
426 126
425 125
425 124
424 123
424 121
423 120
423 118
422 117
422 116
421 115
421 114
420 113
420 112
419 111
419 110
418 109
418 108
417 107
417 106
416 105
416 104
415 103
415 102
414 101
414 100
413 99
413 98
411 96
411 95
409 93
409 92
408 91
408 90
407 89
407 88
408 87
408 86
378 54
380 52
382 52
383 51
388 51
389 52
390 52
391 53
392 53
394 55
395 55
400 60
401 60
405 64
406 64
412 70
412 73
409 76
405 76
404 77
400 77
399 76
398 76
397 75
396 75
389 68
388 68
378 58
4442
0 1
1 2
2 3
3 4
4 5
5 6
6 7
7 8
8 9
9 10
10 11
11 12
12 13
13 14
14 15
15 16
16 17
17 18
18 19
20 21
21 22
22 23
23 24
24 25
25 26
26 27
27 28
28 29
29 30
30 31
31 32
32 33
33 34
34 35
35 36
36 37
37 38
38 39
39 40
40 41
41 42
42 43
43 44
44 45
45 46
46 47
47 48
48 49
49 50
50 51
51 52
52 53
53 54
54 55
55 56
56 57
57 58
58 59
59 60
60 61
61 62
62 63
63 64
64 65
65 66
66 67
67 68
68 69
69 70
70 71
71 72
72 73
73 74
74 75
75 76
76 77
77 78
78 79
79 80
80 81
81 82
82 83
83 84
84 85
85 86
86 87
87 88
88 89
89 90
90 91
91 92
92 93
93 94
94 95
95 96
96 97
97 98
98 99
99 100
100 101
101 102
102 103
103 104
104 105
105 106
106 107
107 108
108 109
109 110
110 111
111 112
112 113
113 114
114 115
115 116
116 117
117 118
118 119
119 120
120 121
121 122
122 123
123 124
124 125
125 126
126 127
127 128
128 129
129 130
130 131
131 132
132 133
133 134
134 135
135 136
136 137
137 138
138 139
139 140
140 141
141 142
142 143
143 144
144 145
145 146
146 147
147 148
148 149
149 150
150 151
151 152
152 153
153 154
154 155
155 156
156 157
157 158
158 159
159 160
160 161
161 162
162 163
163 164
164 165
165 166
166 167
167 168
168 169
169 170
170 171
171 172
172 173
173 174
174 175
175 176
176 177
177 178
178 179
179 180
180 181
181 182
182 183
183 184
184 185
185 186
186 187
187 188
188 189
189 190
190 191
191 192
192 193
193 194
194 195
195 196
196 197
197 198
198 199
199 200
200 201
201 202
202 203
203 204
204 205
205 206
206 207
207 208
208 209
209 210
210 211
211 212
212 213
213 214
214 215
215 216
216 217
217 218
218 219
219 220
220 221
221 222
222 223
223 224
224 225
225 226
226 227
227 228
228 229
229 230
230 231
231 232
232 233
233 234
234 235
235 236
236 237
237 238
238 239
239 240
240 241
241 242
242 243
243 244
244 245
245 246
246 247
247 248
248 249
249 250
250 251
251 252
252 253
253 254
254 255
255 256
256 257
257 258
258 259
259 260
260 261
261 262
262 263
263 264
264 265
265 266
266 267
267 268
268 269
269 270
270 271
271 272
272 273
273 274
274 275
275 276
276 277
277 278
278 279
279 280
280 281
281 282
282 283
283 284
284 285
285 286
286 287
287 288
288 289
289 290
290 291
291 292
292 293
293 294
294 295
295 296
296 297
297 298
298 299
299 300
300 301
301 302
302 303
303 304
304 305
305 306
306 307
307 308
308 309
309 310
310 311
311 312
312 313
313 314
314 315
315 316
316 317
317 318
318 319
319 320
320 321
321 322
322 323
323 324
324 325
325 326
326 327
327 328
328 329
329 330
330 331
331 332
332 333
333 334
334 335
335 336
336 337
337 338
338 339
339 340
340 341
341 342
342 343
343 344
344 345
345 346
346 347
347 348
348 349
349 350
350 351
351 352
352 353
353 354
354 355
355 356
356 357
357 358
358 359
359 360
360 361
361 362
362 363
363 364
364 365
365 366
366 367
367 368
368 369
369 370
370 371
371 372
372 373
373 374
374 375
375 376
376 377
377 378
378 379
379 380
380 381
381 382
382 383
383 384
384 385
385 386
386 387
387 388
388 389
389 390
390 391
391 392
392 393
393 394
394 395
395 396
396 397
397 398
398 399
399 400
400 401
401 402
402 403
403 404
404 405
405 406
406 407
407 408
408 409
409 410
410 411
411 412
412 413
413 414
414 415
415 416
416 417
417 418
418 419
419 420
420 421
421 422
422 423
423 424
424 425
425 426
426 427
427 428
428 429
429 430
430 431
431 432
432 433
433 434
434 435
435 436
436 437
437 438
438 439
439 440
440 441
441 442
442 443
443 444
444 445
445 446
446 447
447 448
448 449
449 450
450 451
451 452
452 453
453 454
454 455
455 456
456 457
457 458
458 459
459 460
460 461
461 462
462 463
463 464
464 465
465 466
466 467
467 468
468 469
469 470
470 471
471 472
472 473
473 474
474 475
475 476
476 477
477 478
478 479
479 480
480 481
481 482
482 483
483 484
484 485
485 486
486 487
487 488
488 489
489 490
490 491
491 492
492 493
493 494
494 495
495 496
496 497
497 498
498 499
499 500
500 501
501 502
502 503
503 504
504 505
505 506
506 507
507 508
508 509
509 510
510 511
511 512
512 513
513 514
514 515
515 516
516 517
517 518
518 519
519 520
520 521
521 522
522 523
523 524
524 525
525 526
526 527
527 528
528 529
529 530
530 531
531 532
532 533
533 534
534 535
535 536
536 537
537 538
538 539
539 540
540 541
541 542
542 543
543 544
544 545
545 546
546 547
547 548
548 549
549 550
550 551
551 552
552 553
553 554
554 555
555 556
556 557
557 558
558 559
559 560
560 561
561 562
562 563
563 564
564 565
565 566
566 567
567 568
568 569
569 570
570 571
571 572
572 573
573 574
574 575
575 576
576 577
577 578
578 579
579 580
580 581
581 582
582 583
583 584
584 585
585 586
586 587
587 588
588 589
589 590
590 591
591 592
592 593
593 594
594 595
595 596
596 597
597 598
598 599
599 600
600 601
601 602
602 603
603 604
604 605
605 606
606 607
607 608
608 609
609 610
610 611
611 612
612 613
613 614
614 615
615 616
616 617
617 618
618 619
619 620
620 621
621 622
622 623
623 624
624 625
625 626
626 627
627 628
628 629
629 630
630 631
631 632
632 633
633 634
634 635
635 636
636 637
637 638
638 639
639 640
640 641
641 642
642 643
643 644
644 645
645 646
646 647
647 648
648 649
649 650
650 651
651 652
652 653
653 654
654 655
655 656
656 657
657 658
658 659
659 660
660 661
661 662
662 663
663 664
664 665
665 666
666 667
667 668
668 669
669 670
670 671
671 672
672 673
673 674
674 675
675 676
676 677
677 678
678 679
679 680
680 681
681 682
682 683
683 684
684 685
685 686
686 687
687 688
688 689
689 690
690 691
691 692
692 693
693 694
694 695
695 696
696 697
697 698
698 699
699 700
700 701
701 702
702 703
703 704
704 705
705 706
706 707
707 708
708 709
709 710
710 711
711 712
712 713
713 714
714 715
715 716
716 717
717 718
718 719
719 720
720 721
721 722
722 723
723 724
724 725
725 726
726 727
727 728
728 729
729 730
730 731
731 732
732 733
733 734
734 735
735 736
736 737
737 738
738 739
739 740
740 741
741 742
742 743
743 744
744 745
745 746
746 747
747 748
748 749
749 750
750 751
751 752
752 753
753 754
754 755
755 756
756 757
757 758
758 759
759 760
760 761
761 762
762 763
763 764
764 765
765 766
766 767
767 768
768 769
769 770
770 771
771 772
772 773
773 774
774 775
775 776
776 777
777 778
778 779
779 780
780 781
781 782
782 783
783 784
784 785
785 786
786 787
787 788
788 789
789 790
790 791
791 792
792 793
793 794
794 795
795 796
796 797
797 798
798 799
799 800
800 801
801 802
802 803
803 804
804 805
805 806
806 807
807 808
808 809
809 810
810 811
811 812
812 813
813 814
814 815
815 816
816 817
817 818
818 819
819 820
820 821
821 822
822 823
823 824
824 825
825 826
826 827
827 828
828 829
829 830
830 831
831 832
832 833
833 834
834 835
835 836
836 837
837 838
838 839
839 840
840 841
841 842
842 843
843 844
844 845
845 846
846 847
847 848
848 849
849 850
850 851
851 852
852 853
853 854
854 855
855 856
856 857
857 858
858 859
859 860
860 861
861 862
862 863
863 864
864 865
865 866
866 867
867 868
868 869
869 870
870 871
871 872
872 873
873 874
874 875
875 876
876 877
877 878
878 879
879 880
880 881
881 882
882 883
883 884
884 885
885 886
886 887
887 888
888 889
889 890
890 891
891 892
892 893
893 894
894 895
895 896
896 897
897 898
898 899
899 900
900 901
901 902
902 903
903 904
904 905
905 906
906 907
907 908
908 909
909 910
910 911
911 912
912 913
913 914
914 915
915 916
916 917
917 918
918 919
919 920
920 921
921 922
922 923
923 924
924 925
925 926
926 927
927 928
928 929
929 930
930 931
931 932
932 933
933 934
934 935
935 936
936 937
937 938
938 939
939 940
940 941
941 942
942 943
943 944
944 945
945 946
946 947
947 948
948 949
949 950
950 951
951 952
952 953
953 954
954 955
955 956
956 957
957 958
958 959
959 960
960 961
961 962
962 963
963 964
964 965
965 966
966 967
967 968
968 969
969 970
970 971
971 972
972 973
973 974
974 975
975 976
976 977
977 978
978 979
979 980
980 981
981 982
982 983
983 984
984 985
985 986
986 987
987 988
988 989
989 990
990 991
991 992
992 993
993 994
994 995
995 996
996 997
997 998
998 999
999 1000
1000 1001
1001 1002
1002 1003
1003 1004
1004 1005
1005 1006
1006 1007
1007 1008
1008 1009
1009 1010
1010 1011
1011 1012
1012 1013
1013 1014
1014 1015
1015 1016
1016 1017
1017 1018
1018 1019
1019 1020
1020 1021
1021 1022
1022 1023
1023 1024
1024 1025
1025 1026
1026 1027
1027 1028
1028 1029
1029 1030
1030 1031
1031 1032
1032 1033
1033 1034
1034 1035
1035 1036
1036 1037
1037 1038
1038 1039
1039 1040
1040 1041
1041 1042
1042 1043
1043 1044
1044 1045
1045 1046
1046 1047
1047 1048
1048 1049
1049 1050
1050 1051
1051 1052
1052 1053
1053 1054
1054 1055
1055 1056
1056 1057
1057 1058
1058 1059
1059 1060
1060 1061
1061 1062
1062 1063
1063 1064
1064 1065
1065 1066
1066 1067
1067 1068
1068 1069
1069 1070
1070 1071
1071 1072
1072 1073
1073 1074
1074 1075
1075 1076
1076 1077
1077 1078
1078 1079
1079 1080
1080 1081
1081 1082
1082 1083
1083 1084
1084 1085
1085 1086
1086 1087
1087 1088
1088 1089
1089 1090
1090 1091
1091 1092
1092 1093
1093 1094
1094 1095
1095 1096
1096 1097
1097 1098
1098 1099
1099 1100
1100 1101
1101 1102
1102 1103
1103 1104
1104 1105
1105 1106
1106 1107
1107 1108
1108 1109
1109 1110
1110 1111
1111 1112
1112 1113
1113 1114
1114 1115
1115 1116
1116 1117
1117 1118
1118 1119
1119 1120
1120 1121
1121 1122
1122 1123
1123 1124
1124 1125
1125 1126
1126 1127
1127 1128
1128 1129
1129 1130
1130 1131
1131 1132
1132 1133
1133 1134
1134 1135
1135 1136
1136 1137
1137 1138
1138 1139
1139 1140
1140 1141
1141 1142
1142 1143
1143 1144
1144 1145
1145 1146
1146 1147
1147 1148
1148 1149
1149 1150
1150 1151
1151 1152
1152 1153
1153 1154
1154 1155
1155 1156
1156 1157
1157 1158
1158 1159
1159 1160
1160 1161
1161 1162
1162 1163
1163 1164
1164 1165
1165 1166
1166 1167
1167 1168
1168 1169
1169 1170
1170 1171
1171 1172
1172 1173
1173 1174
1174 1175
1175 1176
1176 1177
1177 1178
1178 1179
1179 1180
1180 1181
1181 1182
1182 1183
1183 1184
1184 1185
1185 1186
1186 1187
1187 1188
1188 1189
1189 1190
1190 1191
1191 1192
1192 1193
1193 1194
1194 1195
1195 1196
1196 1197
1197 1198
1198 1199
1199 1200
1200 1201
1201 1202
1202 1203
1203 1204
1204 1205
1205 1206
1206 1207
1207 1208
1208 1209
1209 1210
1210 1211
1211 1212
1212 1213
1213 1214
1214 1215
1215 1216
1216 1217
1217 1218
1218 1219
1219 1220
1220 1221
1221 1222
1222 1223
1223 1224
1224 1225
1225 1226
1226 1227
1227 1228
1228 1229
1229 1230
1230 1231
1231 1232
1232 1233
1233 1234
1234 1235
1235 1236
1236 1237
1237 1238
1238 1239
1239 1240
1240 1241
1241 1242
1242 1243
1243 1244
1244 1245
1245 1246
1246 1247
1247 1248
1248 1249
1249 1250
1250 1251
1251 1252
1252 1253
1253 1254
1254 1255
1255 1256
1256 1257
1257 1258
1258 1259
1259 1260
1260 1261
1261 1262
1262 1263
1263 1264
1264 1265
1265 1266
1266 1267
1267 1268
1268 1269
1269 1270
1270 1271
1271 1272
1272 1273
1273 1274
1274 1275
1275 1276
1276 1277
1277 1278
1278 1279
1279 1280
1280 1281
1281 1282
1282 1283
1283 1284
1284 1285
1285 1286
1286 1287
1287 1288
1288 1289
1289 1290
1290 1291
1291 1292
1292 1293
1293 1294
1294 1295
1295 1296
1296 1297
1297 1298
1298 1299
1299 1300
1300 1301
1301 1302
1302 1303
1303 1304
1304 1305
1305 1306
1306 1307
1307 1308
1308 1309
1309 1310
1310 1311
1311 1312
1312 1313
1313 1314
1314 1315
1315 1316
1316 1317
1317 1318
1318 1319
1319 1320
1320 1321
1321 1322
1322 1323
1323 1324
1324 1325
1325 1326
1326 1327
1327 1328
1328 1329
1329 1330
1330 1331
1331 1332
1332 1333
1333 1334
1334 1335
1335 1336
1336 1337
1337 1338
1338 1339
1339 1340
1340 1341
1341 1342
1342 1343
1343 1344
1344 1345
1345 1346
1346 1347
1347 1348
1348 1349
1349 1350
1350 1351
1351 1352
1352 1353
1353 1354
1354 1355
1355 1356
1356 1357
1357 1358
1358 1359
1359 1360
1360 1361
1361 1362
1362 1363
1363 1364
1364 1365
1365 1366
1366 1367
1367 1368
1368 1369
1369 1370
1370 1371
1371 1372
1372 1373
1373 1374
1374 1375
1375 1376
1376 1377
1377 1378
1378 1379
1379 1380
1380 1381
1381 1382
1382 1383
1383 1384
1384 1385
1385 1386
1386 1387
1387 1388
1388 1389
1389 1390
1390 1391
1391 1392
1392 1393
1393 1394
1394 1395
1395 1396
1396 1397
1397 1398
1398 1399
1399 1400
1400 1401
1401 1402
1402 1403
1403 1404
1404 1405
1405 1406
1406 1407
1407 1408
1408 1409
1409 1410
1410 1411
1411 1412
1412 1413
1413 1414
1414 1415
1415 1416
1416 1417
1417 1418
1418 1419
1419 1420
1420 1421
1421 1422
1422 1423
1423 1424
1424 1425
1425 1426
1426 1427
1427 1428
1428 1429
1429 1430
1430 1431
1431 1432
1432 1433
1433 1434
1434 1435
1435 1436
1436 1437
1437 1438
1438 1439
1439 1440
1440 1441
1441 1442
1442 1443
1443 1444
1444 1445
1445 1446
1446 1447
1447 1448
1448 1449
1449 1450
1450 1451
1451 1452
1452 1453
1453 1454
1454 1455
1455 1456
1456 1457
1457 1458
1458 1459
1459 1460
1460 1461
1461 1462
1462 1463
1463 1464
1464 1465
1465 1466
1466 1467
1467 1468
1468 1469
1469 1470
1470 1471
1471 1472
1472 1473
1473 1474
1474 1475
1475 1476
1476 1477
1477 1478
1478 1479
1479 1480
1480 1481
1481 1482
1482 1483
1483 1484
1484 1485
1485 1486
1486 1487
1487 1488
1488 1489
1489 1490
1490 1491
1491 1492
1492 1493
1493 1494
1494 1495
1495 1496
1496 1497
1497 1498
1498 1499
1499 1500
1500 1501
1501 1502
1502 1503
1503 1504
1504 1505
1505 1506
1506 1507
1507 1508
1508 1509
1509 1510
1510 1511
1511 1512
1512 1513
1513 1514
1514 1515
1515 1516
1516 1517
1517 1518
1518 1519
1519 1520
1520 1521
1521 1522
1522 1523
1523 1524
1524 1525
1525 1526
1526 1527
1527 1528
1528 1529
1529 1530
1530 1531
1531 1532
1532 1533
1533 1534
1534 1535
1535 1536
1536 1537
1537 1538
1538 1539
1539 1540
1540 1541
1541 1542
1542 1543
1543 1544
1544 1545
1545 1546
1546 1547
1547 1548
1548 1549
1549 1550
1550 1551
1551 1552
1552 1553
1553 1554
1554 1555
1555 1556
1556 1557
1557 1558
1558 1559
1559 1560
1560 1561
1561 1562
1562 1563
1563 1564
1564 1565
1565 1566
1566 1567
1567 1568
1568 1569
1569 1570
1570 1571
1571 1572
1572 1573
1573 1574
1574 1575
1575 1576
1576 1577
1577 1578
1578 1579
1579 1580
1580 1581
1581 1582
1582 1583
1583 1584
1584 1585
1585 1586
1586 1587
1587 1588
1588 1589
1589 1590
1590 1591
1592 1593
1593 1594
1594 1595
1595 1596
1596 1597
1597 1598
1598 1599
1599 1600
1600 1601
1601 1602
1602 1603
1603 1604
1604 1605
1605 1606
1606 1607
1607 1608
1608 1609
1609 1610
1610 1611
1611 1612
1612 1613
1613 1614
1614 1615
1615 1616
1616 1617
1617 1618
1618 1619
1619 1620
1620 1621
1621 1622
1622 1623
1623 1624
1624 1625
1625 1626
1626 1627
1627 1628
1628 1629
1629 1630
1630 1631
1631 1632
1632 1633
1633 1634
1634 1635
1635 1636
1636 1637
1637 1638
1638 1639
1639 1640
1640 1641
1641 1642
1642 1643
1643 1644
1644 1645
1645 1646
1646 1647
1647 1648
1648 1649
1649 1650
1650 1651
1651 1652
1652 1653
1653 1654
1654 1655
1655 1656
1656 1657
1657 1658
1658 1659
1659 1660
1660 1661
1661 1662
1662 1663
1663 1664
1664 1665
1665 1666
1666 1667
1667 1668
1668 1669
1669 1670
1670 1671
1671 1672
1672 1673
1673 1674
1674 1675
1675 1676
1676 1677
1677 1678
1678 1679
1679 1680
1680 1681
1681 1682
1682 1683
1683 1684
1684 1685
1685 1686
1686 1687
1687 1688
1688 1689
1689 1690
1690 1691
1691 1692
1692 1693
1693 1694
1694 1695
1695 1696
1696 1697
1697 1698
1698 1699
1699 1700
1700 1701
1701 1702
1702 1703
1703 1704
1704 1705
1705 1706
1706 1707
1707 1708
1708 1709
1709 1710
1710 1711
1711 1712
1712 1713
1713 1714
1714 1715
1715 1716
1716 1717
1717 1718
1718 1719
1719 1720
1720 1721
1721 1722
1722 1723
1723 1724
1724 1725
1725 1726
1726 1727
1727 1728
1728 1729
1729 1730
1730 1731
1731 1732
1732 1733
1733 1734
1734 1735
1735 1736
1736 1737
1737 1738
1738 1739
1739 1740
1740 1741
1741 1742
1742 1743
1743 1744
1745 1746
1746 1747
1747 1748
1748 1749
1749 1750
1750 1751
1751 1752
1752 1753
1753 1754
1754 1755
1755 1756
1756 1757
1757 1758
1758 1759
1759 1760
1760 1761
1761 1762
1762 1763
1763 1764
1764 1765
1765 1766
1766 1767
1767 1768
1768 1769
1769 1770
1770 1771
1771 1772
1772 1773
1773 1774
1774 1775
1775 1776
1776 1777
1777 1778
1778 1779
1779 1780
1780 1781
1781 1782
1782 1783
1783 1784
1784 1785
1785 1786
1786 1787
1787 1788
1788 1789
1789 1790
1790 1791
1791 1792
1792 1793
1793 1794
1794 1795
1795 1796
1796 1797
1797 1798
1798 1799
1799 1800
1800 1801
1801 1802
1802 1803
1803 1804
1804 1805
1805 1806
1806 1807
1807 1808
1808 1809
1809 1810
1810 1811
1811 1812
1812 1813
1813 1814
1814 1815
1815 1816
1816 1817
1817 1818
1818 1819
1819 1820
1820 1821
1821 1822
1822 1823
1823 1824
1824 1825
1825 1826
1826 1827
1827 1828
1828 1829
1829 1830
1830 1831
1831 1832
1832 1833
1833 1834
1834 1835
1835 1836
1836 1837
1837 1838
1838 1839
1839 1840
1840 1841
1841 1842
1842 1843
1843 1844
1844 1845
1845 1846
1846 1847
1847 1848
1848 1849
1849 1850
1850 1851
1851 1852
1852 1853
1853 1854
1854 1855
1855 1856
1856 1857
1857 1858
1858 1859
1859 1860
1860 1861
1861 1862
1862 1863
1863 1864
1864 1865
1865 1866
1866 1867
1867 1868
1868 1869
1869 1870
1870 1871
1871 1872
1872 1873
1873 1874
1874 1875
1875 1876
1876 1877
1877 1878
1878 1879
1879 1880
1880 1881
1881 1882
1882 1883
1883 1884
1884 1885
1885 1886
1886 1887
1887 1888
1888 1889
1889 1890
1890 1891
1891 1892
1892 1893
1893 1894
1894 1895
1895 1896
1896 1897
1897 1898
1898 1899
1899 1900
1900 1901
1901 1902
1902 1903
1903 1904
1904 1905
1905 1906
1906 1907
1907 1908
1908 1909
1909 1910
1910 1911
1911 1912
1912 1913
1913 1914
1914 1915
1915 1916
1916 1917
1917 1918
1918 1919
1919 1920
1920 1921
1921 1922
1922 1923
1923 1924
1924 1925
1925 1926
1926 1927
1927 1928
1928 1929
1929 1930
1930 1931
1931 1932
1932 1933
1933 1934
1934 1935
1935 1936
1936 1937
1937 1938
1938 1939
1939 1940
1940 1941
1941 1942
1942 1943
1943 1944
1944 1945
1945 1946
1946 1947
1947 1948
1949 1950
1950 1951
1951 1952
1952 1953
1953 1954
1954 1955
1955 1956
1956 1957
1957 1958
1958 1959
1959 1960
1960 1961
1961 1962
1962 1963
1963 1964
1964 1965
1965 1966
1966 1967
1967 1968
1968 1969
1969 1970
1970 1971
1971 1972
1972 1973
1973 1974
1974 1975
1975 1976
1976 1977
1977 1978
1978 1979
1979 1980
1980 1981
1981 1982
1982 1983
1983 1984
1984 1985
1985 1986
1986 1987
1987 1988
1988 1989
1989 1990
1990 1991
1991 1992
1992 1993
1993 1994
1994 1995
1995 1996
1996 1997
1997 1998
1998 1999
1999 2000
2000 2001
2001 2002
2002 2003
2003 2004
2004 2005
2005 2006
2006 2007
2007 2008
2008 2009
2009 2010
2010 2011
2011 2012
2012 2013
2013 2014
2014 2015
2015 2016
2016 2017
2017 2018
2018 2019
2019 2020
2020 2021
2021 2022
2022 2023
2023 2024
2024 2025
2025 2026
2026 2027
2027 2028
2028 2029
2029 2030
2030 2031
2031 2032
2032 2033
2033 2034
2034 2035
2035 2036
2036 2037
2037 2038
2038 2039
2039 2040
2040 2041
2041 2042
2042 2043
2043 2044
2044 2045
2045 2046
2046 2047
2047 2048
2048 2049
2049 2050
2050 2051
2051 2052
2052 2053
2053 2054
2054 2055
2055 2056
2056 2057
2057 2058
2058 2059
2059 2060
2060 2061
2061 2062
2062 2063
2063 2064
2064 2065
2065 2066
2066 2067
2067 2068
2068 2069
2069 2070
2070 2071
2071 2072
2072 2073
2073 2074
2074 2075
2075 2076
2076 2077
2077 2078
2078 2079
2079 2080
2080 2081
2081 2082
2082 2083
2083 2084
2084 2085
2085 2086
2086 2087
2087 2088
2088 2089
2089 2090
2090 2091
2091 2092
2092 2093
2093 2094
2094 2095
2095 2096
2096 2097
2097 2098
2098 2099
2099 2100
2100 2101
2101 2102
2102 2103
2103 2104
2104 2105
2105 2106
2106 2107
2107 2108
2108 2109
2109 2110
2110 2111
2111 2112
2112 2113
2113 2114
2114 2115
2115 2116
2116 2117
2117 2118
2118 2119
2119 2120
2120 2121
2121 2122
2122 2123
2123 2124
2124 2125
2125 2126
2126 2127
2127 2128
2128 2129
2129 2130
2130 2131
2131 2132
2132 2133
2133 2134
2134 2135
2135 2136
2136 2137
2137 2138
2138 2139
2139 2140
2140 2141
2141 2142
2142 2143
2143 2144
2144 2145
2145 2146
2146 2147
2147 2148
2148 2149
2149 2150
2150 2151
2151 2152
2152 2153
2153 2154
2154 2155
2155 2156
2156 2157
2157 2158
2158 2159
2159 2160
2160 2161
2161 2162
2163 2164
2164 2165
2165 2166
2166 2167
2167 2168
2168 2169
2169 2170
2170 2171
2171 2172
2172 2173
2173 2174
2174 2175
2175 2176
2176 2177
2177 2178
2178 2179
2179 2180
2180 2181
2181 2182
2182 2183
2183 2184
2184 2185
2185 2186
2186 2187
2187 2188
2188 2189
2189 2190
2190 2191
2191 2192
2192 2193
2193 2194
2194 2195
2195 2196
2196 2197
2197 2198
2198 2199
2199 2200
2200 2201
2201 2202
2202 2203
2203 2204
2204 2205
2205 2206
2206 2207
2207 2208
2208 2209
2209 2210
2210 2211
2211 2212
2212 2213
2213 2214
2214 2215
2215 2216
2216 2217
2217 2218
2218 2219
2219 2220
2220 2221
2221 2222
2222 2223
2223 2224
2224 2225
2225 2226
2226 2227
2227 2228
2228 2229
2229 2230
2230 2231
2231 2232
2232 2233
2233 2234
2234 2235
2235 2236
2236 2237
2237 2238
2238 2239
2239 2240
2240 2241
2241 2242
2242 2243
2243 2244
2244 2245
2245 2246
2246 2247
2247 2248
2248 2249
2249 2250
2250 2251
2251 2252
2252 2253
2253 2254
2254 2255
2255 2256
2256 2257
2257 2258
2258 2259
2259 2260
2260 2261
2261 2262
2262 2263
2263 2264
2264 2265
2265 2266
2266 2267
2267 2268
2268 2269
2269 2270
2270 2271
2271 2272
2272 2273
2273 2274
2274 2275
2275 2276
2276 2277
2277 2278
2278 2279
2279 2280
2280 2281
2281 2282
2282 2283
2283 2284
2284 2285
2285 2286
2286 2287
2287 2288
2288 2289
2289 2290
2290 2291
2291 2292
2292 2293
2293 2294
2294 2295
2295 2296
2296 2297
2297 2298
2298 2299
2299 2300
2300 2301
2301 2302
2302 2303
2303 2304
2304 2305
2305 2306
2306 2307
2307 2308
2308 2309
2309 2310
2310 2311
2311 2312
2312 2313
2313 2314
2314 2315
2315 2316
2316 2317
2317 2318
2318 2319
2319 2320
2320 2321
2321 2322
2322 2323
2323 2324
2324 2325
2325 2326
2326 2327
2327 2328
2328 2329
2329 2330
2330 2331
2331 2332
2332 2333
2333 2334
2334 2335
2335 2336
2336 2337
2337 2338
2338 2339
2339 2340
2340 2341
2341 2342
2342 2343
2343 2344
2344 2345
2345 2346
2346 2347
2347 2348
2348 2349
2349 2350
2350 2351
2351 2352
2352 2353
2353 2354
2354 2355
2355 2356
2356 2357
2357 2358
2358 2359
2359 2360
2360 2361
2361 2362
2362 2363
2363 2364
2365 2366
2366 2367
2367 2368
2368 2369
2369 2370
2370 2371
2371 2372
2372 2373
2373 2374
2374 2375
2375 2376
2376 2377
2377 2378
2378 2379
2379 2380
2380 2381
2381 2382
2382 2383
2383 2384
2384 2385
2385 2386
2386 2387
2387 2388
2388 2389
2389 2390
2390 2391
2391 2392
2392 2393
2393 2394
2394 2395
2395 2396
2396 2397
2397 2398
2398 2399
2399 2400
2400 2401
2401 2402
2402 2403
2403 2404
2404 2405
2405 2406
2406 2407
2407 2408
2408 2409
2409 2410
2410 2411
2411 2412
2412 2413
2413 2414
2414 2415
2415 2416
2416 2417
2417 2418
2418 2419
2419 2420
2420 2421
2421 2422
2422 2423
2423 2424
2424 2425
2425 2426
2426 2427
2427 2428
2428 2429
2429 2430
2430 2431
2431 2432
2432 2433
2433 2434
2434 2435
2435 2436
2436 2437
2437 2438
2438 2439
2439 2440
2440 2441
2441 2442
2442 2443
2443 2444
2444 2445
2445 2446
2446 2447
2447 2448
2448 2449
2449 2450
2450 2451
2451 2452
2452 2453
2453 2454
2454 2455
2455 2456
2456 2457
2457 2458
2458 2459
2459 2460
2460 2461
2461 2462
2462 2463
2463 2464
2464 2465
2465 2466
2466 2467
2467 2468
2468 2469
2469 2470
2470 2471
2471 2472
2472 2473
2473 2474
2474 2475
2475 2476
2476 2477
2477 2478
2478 2479
2479 2480
2480 2481
2481 2482
2482 2483
2483 2484
2484 2485
2485 2486
2486 2487
2487 2488
2488 2489
2489 2490
2490 2491
2491 2492
2492 2493
2493 2494
2494 2495
2495 2496
2496 2497
2497 2498
2498 2499
2499 2500
2500 2501
2501 2502
2502 2503
2503 2504
2504 2505
2505 2506
2506 2507
2507 2508
2508 2509
2509 2510
2510 2511
2511 2512
2512 2513
2513 2514
2514 2515
2515 2516
2516 2517
2517 2518
2518 2519
2519 2520
2520 2521
2521 2522
2522 2523
2523 2524
2524 2525
2525 2526
2526 2527
2527 2528
2528 2529
2529 2530
2530 2531
2531 2532
2532 2533
2533 2534
2534 2535
2535 2536
2536 2537
2537 2538
2538 2539
2539 2540
2540 2541
2541 2542
2542 2543
2543 2544
2544 2545
2545 2546
2546 2547
2547 2548
2548 2549
2549 2550
2550 2551
2551 2552
2552 2553
2553 2554
2554 2555
2555 2556
2556 2557
2557 2558
2558 2559
2559 2560
2560 2561
2561 2562
2562 2563
2563 2564
2564 2565
2565 2566
2566 2567
2567 2568
2568 2569
2569 2570
2570 2571
2571 2572
2572 2573
2573 2574
2574 2575
2575 2576
2576 2577
2577 2578
2578 2579
2579 2580
2580 2581
2581 2582
2582 2583
2583 2584
2584 2585
2585 2586
2586 2587
2587 2588
2588 2589
2589 2590
2590 2591
2591 2592
2592 2593
2593 2594
2595 2596
2596 2597
2597 2598
2598 2599
2599 2600
2600 2601
2601 2602
2602 2603
2603 2604
2604 2605
2605 2606
2606 2607
2607 2608
2608 2609
2609 2610
2610 2611
2611 2612
2612 2613
2613 2614
2614 2615
2615 2616
2616 2617
2617 2618
2618 2619
2619 2620
2620 2621
2621 2622
2622 2623
2623 2624
2624 2625
2625 2626
2626 2627
2627 2628
2628 2629
2629 2630
2630 2631
2631 2632
2632 2633
2633 2634
2634 2635
2635 2636
2636 2637
2637 2638
2638 2639
2639 2640
2640 2641
2641 2642
2642 2643
2643 2644
2644 2645
2645 2646
2646 2647
2647 2648
2648 2649
2649 2650
2650 2651
2651 2652
2652 2653
2653 2654
2654 2655
2655 2656
2656 2657
2657 2658
2658 2659
2659 2660
2660 2661
2661 2662
2662 2663
2663 2664
2664 2665
2665 2666
2666 2667
2667 2668
2668 2669
2669 2670
2670 2671
2671 2672
2672 2673
2673 2674
2674 2675
2675 2676
2676 2677
2677 2678
2678 2679
2679 2680
2680 2681
2681 2682
2682 2683
2683 2684
2684 2685
2685 2686
2686 2687
2687 2688
2688 2689
2689 2690
2690 2691
2691 2692
2692 2693
2693 2694
2694 2695
2695 2696
2696 2697
2697 2698
2698 2699
2699 2700
2700 2701
2701 2702
2702 2703
2703 2704
2704 2705
2705 2706
2706 2707
2707 2708
2708 2709
2709 2710
2710 2711
2711 2712
2712 2713
2713 2714
2714 2715
2715 2716
2716 2717
2717 2718
2718 2719
2719 2720
2720 2721
2721 2722
2722 2723
2723 2724
2724 2725
2725 2726
2726 2727
2727 2728
2728 2729
2729 2730
2730 2731
2731 2732
2732 2733
2733 2734
2734 2735
2735 2736
2736 2737
2737 2738
2738 2739
2739 2740
2740 2741
2741 2742
2742 2743
2743 2744
2744 2745
2745 2746
2746 2747
2747 2748
2748 2749
2749 2750
2750 2751
2751 2752
2752 2753
2753 2754
2754 2755
2755 2756
2756 2757
2757 2758
2758 2759
2759 2760
2760 2761
2761 2762
2762 2763
2763 2764
2764 2765
2765 2766
2766 2767
2767 2768
2768 2769
2769 2770
2770 2771
2771 2772
2772 2773
2773 2774
2774 2775
2775 2776
2776 2777
2777 2778
2778 2779
2779 2780
2780 2781
2781 2782
2782 2783
2783 2784
2784 2785
2785 2786
2786 2787
2787 2788
2788 2789
2789 2790
2790 2791
2791 2792
2792 2793
2793 2794
2794 2795
2795 2796
2796 2797
2797 2798
2798 2799
2799 2800
2800 2801
2801 2802
2802 2803
2803 2804
2804 2805
2805 2806
2806 2807
2807 2808
2808 2809
2809 2810
2810 2811
2811 2812
2812 2813
2813 2814
2814 2815
2815 2816
2816 2817
2817 2818
2818 2819
2819 2820
2820 2821
2821 2822
2822 2823
2823 2824
2824 2825
2825 2826
2826 2827
2827 2828
2828 2829
2829 2830
2830 2831
2831 2832
2832 2833
2833 2834
2834 2835
2835 2836
2836 2837
2837 2838
2838 2839
2839 2840
2840 2841
2842 2843
2843 2844
2844 2845
2845 2846
2846 2847
2847 2848
2848 2849
2849 2850
2850 2851
2851 2852
2852 2853
2853 2854
2854 2855
2855 2856
2856 2857
2857 2858
2858 2859
2859 2860
2860 2861
2861 2862
2862 2863
2863 2864
2864 2865
2865 2866
2866 2867
2867 2868
2868 2869
2869 2870
2870 2871
2871 2872
2872 2873
2873 2874
2874 2875
2875 2876
2876 2877
2877 2878
2878 2879
2879 2880
2880 2881
2881 2882
2882 2883
2883 2884
2884 2885
2885 2886
2886 2887
2887 2888
2888 2889
2889 2890
2890 2891
2891 2892
2892 2893
2893 2894
2894 2895
2895 2896
2896 2897
2897 2898
2898 2899
2899 2900
2900 2901
2901 2902
2902 2903
2903 2904
2904 2905
2905 2906
2906 2907
2907 2908
2908 2909
2909 2910
2910 2911
2911 2912
2912 2913
2913 2914
2914 2915
2915 2916
2916 2917
2917 2918
2918 2919
2919 2920
2920 2921
2921 2922
2922 2923
2923 2924
2924 2925
2925 2926
2926 2927
2927 2928
2928 2929
2929 2930
2930 2931
2931 2932
2932 2933
2933 2934
2934 2935
2935 2936
2936 2937
2937 2938
2938 2939
2939 2940
2940 2941
2941 2942
2942 2943
2943 2944
2944 2945
2945 2946
2946 2947
2947 2948
2948 2949
2949 2950
2950 2951
2951 2952
2952 2953
2953 2954
2954 2955
2955 2956
2956 2957
2957 2958
2958 2959
2959 2960
2960 2961
2961 2962
2962 2963
2963 2964
2964 2965
2965 2966
2966 2967
2967 2968
2968 2969
2969 2970
2970 2971
2971 2972
2972 2973
2973 2974
2974 2975
2975 2976
2976 2977
2977 2978
2978 2979
2979 2980
2980 2981
2981 2982
2982 2983
2983 2984
2984 2985
2985 2986
2986 2987
2987 2988
2988 2989
2989 2990
2990 2991
2991 2992
2992 2993
2993 2994
2994 2995
2995 2996
2996 2997
2997 2998
2998 2999
2999 3000
3000 3001
3002 3003
3003 3004
3004 3005
3005 3006
3006 3007
3007 3008
3008 3009
3009 3010
3010 3011
3011 3012
3012 3013
3013 3014
3014 3015
3015 3016
3016 3017
3017 3018
3018 3019
3019 3020
3020 3021
3021 3022
3022 3023
3023 3024
3024 3025
3025 3026
3026 3027
3027 3028
3028 3029
3029 3030
3030 3031
3031 3032
3032 3033
3033 3034
3034 3035
3035 3036
3036 3037
3037 3038
3038 3039
3039 3040
3040 3041
3041 3042
3042 3043
3043 3044
3044 3045
3045 3046
3046 3047
3047 3048
3048 3049
3049 3050
3050 3051
3051 3052
3052 3053
3053 3054
3054 3055
3055 3056
3056 3057
3057 3058
3058 3059
3059 3060
3060 3061
3061 3062
3062 3063
3063 3064
3064 3065
3065 3066
3066 3067
3067 3068
3068 3069
3069 3070
3070 3071
3071 3072
3072 3073
3073 3074
3074 3075
3075 3076
3076 3077
3077 3078
3078 3079
3079 3080
3080 3081
3081 3082
3082 3083
3083 3084
3084 3085
3085 3086
3086 3087
3087 3088
3088 3089
3089 3090
3090 3091
3091 3092
3092 3093
3093 3094
3094 3095
3095 3096
3096 3097
3097 3098
3098 3099
3099 3100
3100 3101
3101 3102
3102 3103
3103 3104
3104 3105
3105 3106
3106 3107
3107 3108
3108 3109
3109 3110
3110 3111
3111 3112
3112 3113
3113 3114
3114 3115
3115 3116
3116 3117
3117 3118
3118 3119
3119 3120
3120 3121
3121 3122
3122 3123
3123 3124
3124 3125
3125 3126
3126 3127
3127 3128
3128 3129
3129 3130
3130 3131
3131 3132
3132 3133
3133 3134
3134 3135
3135 3136
3136 3137
3137 3138
3138 3139
3139 3140
3140 3141
3141 3142
3142 3143
3143 3144
3145 3146
3146 3147
3147 3148
3148 3149
3149 3150
3150 3151
3151 3152
3152 3153
3153 3154
3154 3155
3155 3156
3156 3157
3157 3158
3158 3159
3159 3160
3160 3161
3161 3162
3162 3163
3163 3164
3164 3165
3165 3166
3166 3167
3167 3168
3168 3169
3169 3170
3170 3171
3171 3172
3172 3173
3173 3174
3174 3175
3175 3176
3176 3177
3177 3178
3178 3179
3179 3180
3180 3181
3181 3182
3182 3183
3183 3184
3184 3185
3185 3186
3186 3187
3187 3188
3188 3189
3189 3190
3190 3191
3191 3192
3192 3193
3193 3194
3194 3195
3195 3196
3196 3197
3197 3198
3198 3199
3199 3200
3200 3201
3201 3202
3202 3203
3203 3204
3204 3205
3205 3206
3206 3207
3207 3208
3208 3209
3209 3210
3210 3211
3211 3212
3212 3213
3213 3214
3214 3215
3215 3216
3216 3217
3217 3218
3218 3219
3219 3220
3220 3221
3221 3222
3222 3223
3223 3224
3224 3225
3225 3226
3226 3227
3227 3228
3228 3229
3229 3230
3230 3231
3231 3232
3233 3234
3234 3235
3235 3236
3236 3237
3237 3238
3238 3239
3239 3240
3240 3241
3241 3242
3242 3243
3243 3244
3244 3245
3245 3246
3246 3247
3247 3248
3248 3249
3249 3250
3250 3251
3251 3252
3252 3253
3253 3254
3254 3255
3255 3256
3256 3257
3257 3258
3258 3259
3259 3260
3260 3261
3261 3262
3262 3263
3263 3264
3264 3265
3265 3266
3266 3267
3267 3268
3268 3269
3269 3270
3270 3271
3271 3272
3272 3273
3273 3274
3274 3275
3275 3276
3276 3277
3277 3278
3278 3279
3279 3280
3280 3281
3281 3282
3282 3283
3283 3284
3284 3285
3285 3286
3286 3287
3287 3288
3288 3289
3289 3290
3290 3291
3291 3292
3292 3293
3293 3294
3294 3295
3295 3296
3296 3297
3297 3298
3298 3299
3299 3300
3300 3301
3301 3302
3302 3303
3303 3304
3304 3305
3305 3306
3306 3307
3307 3308
3308 3309
3309 3310
3310 3311
3311 3312
3312 3313
3313 3314
3314 3315
3315 3316
3316 3317
3317 3318
3318 3319
3319 3320
3320 3321
3321 3322
3322 3323
3323 3324
3324 3325
3325 3326
3326 3327
3327 3328
3328 3329
3329 3330
3330 3331
3331 3332
3332 3333
3333 3334
3334 3335
3335 3336
3336 3337
3337 3338
3338 3339
3339 3340
3340 3341
3341 3342
3342 3343
3343 3344
3344 3345
3345 3346
3346 3347
3347 3348
3348 3349
3349 3350
3350 3351
3351 3352
3352 3353
3353 3354
3354 3355
3355 3356
3356 3357
3357 3358
3358 3359
3359 3360
3360 3361
3361 3362
3362 3363
3363 3364
3364 3365
3365 3366
3366 3367
3367 3368
3368 3369
3369 3370
3370 3371
3371 3372
3372 3373
3373 3374
3374 3375
3375 3376
3376 3377
3377 3378
3378 3379
3379 3380
3380 3381
3381 3382
3383 3384
3384 3385
3385 3386
3386 3387
3387 3388
3388 3389
3389 3390
3390 3391
3391 3392
3392 3393
3393 3394
3394 3395
3395 3396
3396 3397
3397 3398
3398 3399
3399 3400
3400 3401
3401 3402
3402 3403
3403 3404
3404 3405
3405 3406
3406 3407
3407 3408
3408 3409
3409 3410
3410 3411
3411 3412
3412 3413
3413 3414
3414 3415
3415 3416
3416 3417
3417 3418
3418 3419
3419 3420
3420 3421
3421 3422
3422 3423
3423 3424
3425 3426
3426 3427
3427 3428
3428 3429
3429 3430
3430 3431
3431 3432
3432 3433
3433 3434
3434 3435
3435 3436
3436 3437
3437 3438
3438 3439
3439 3440
3440 3441
3441 3442
3442 3443
3443 3444
3444 3445
3445 3446
3446 3447
3447 3448
3448 3449
3449 3450
3450 3451
3451 3452
3452 3453
3453 3454
3454 3455
3455 3456
3456 3457
3457 3458
3458 3459
3459 3460
3460 3461
3461 3462
3462 3463
3463 3464
3464 3465
3465 3466
3466 3467
3467 3468
3468 3469
3469 3470
3470 3471
3471 3472
3472 3473
3473 3474
3474 3475
3475 3476
3476 3477
3477 3478
3478 3479
3479 3480
3480 3481
3481 3482
3482 3483
3483 3484
3484 3485
3485 3486
3486 3487
3487 3488
3488 3489
3489 3490
3490 3491
3491 3492
3492 3493
3493 3494
3494 3495
3495 3496
3496 3497
3497 3498
3498 3499
3499 3500
3500 3501
3501 3502
3502 3503
3503 3504
3504 3505
3505 3506
3506 3507
3507 3508
3508 3509
3509 3510
3510 3511
3511 3512
3512 3513
3513 3514
3514 3515
3515 3516
3516 3517
3517 3518
3518 3519
3519 3520
3520 3521
3521 3522
3522 3523
3523 3524
3524 3525
3525 3526
3526 3527
3527 3528
3528 3529
3529 3530
3530 3531
3531 3532
3532 3533
3533 3534
3534 3535
3535 3536
3536 3537
3537 3538
3538 3539
3539 3540
3540 3541
3541 3542
3542 3543
3543 3544
3544 3545
3545 3546
3546 3547
3547 3548
3548 3549
3549 3550
3550 3551
3551 3552
3552 3553
3553 3554
3554 3555
3555 3556
3556 3557
3557 3558
3558 3559
3559 3560
3560 3561
3561 3562
3562 3563
3563 3564
3564 3565
3565 3566
3566 3567
3567 3568
3568 3569
3569 3570
3570 3571
3571 3572
3572 3573
3573 3574
3574 3575
3575 3576
3576 3577
3577 3578
3578 3579
3579 3580
3580 3581
3581 3582
3582 3583
3583 3584
3584 3585
3585 3586
3586 3587
3587 3588
3588 3589
3589 3590
3590 3591
3591 3592
3592 3593
3593 3594
3594 3595
3595 3596
3596 3597
3597 3598
3598 3599
3599 3600
3600 3601
3601 3602
3602 3603
3603 3604
3604 3605
3605 3606
3606 3607
3607 3608
3608 3609
3609 3610
3610 3611
3611 3612
3612 3613
3613 3614
3614 3615
3615 3616
3616 3617
3617 3618
3618 3619
3619 3620
3620 3621
3621 3622
3622 3623
3623 3624
3624 3625
3625 3626
3626 3627
3627 3628
3628 3629
3629 3630
3630 3631
3631 3632
3632 3633
3633 3634
3634 3635
3635 3636
3636 3637
3637 3638
3638 3639
3639 3640
3640 3641
3641 3642
3642 3643
3643 3644
3644 3645
3645 3646
3646 3647
3647 3648
3648 3649
3649 3650
3650 3651
3651 3652
3652 3653
3653 3654
3654 3655
3655 3656
3656 3657
3657 3658
3658 3659
3659 3660
3660 3661
3661 3662
3662 3663
3663 3664
3664 3665
3665 3666
3666 3667
3667 3668
3668 3669
3669 3670
3670 3671
3671 3672
3672 3673
3673 3674
3674 3675
3675 3676
3676 3677
3677 3678
3678 3679
3679 3680
3680 3681
3681 3682
3682 3683
3683 3684
3684 3685
3685 3686
3686 3687
3687 3688
3688 3689
3689 3690
3690 3691
3691 3692
3692 3693
3693 3694
3694 3695
3695 3696
3696 3697
3697 3698
3698 3699
3699 3700
3700 3701
3701 3702
3702 3703
3703 3704
3704 3705
3705 3706
3706 3707
3707 3708
3708 3709
3709 3710
3710 3711
3711 3712
3712 3713
3713 3714
3714 3715
3715 3716
3716 3717
3717 3718
3718 3719
3719 3720
3720 3721
3721 3722
3722 3723
3723 3724
3724 3725
3725 3726
3726 3727
3727 3728
3728 3729
3729 3730
3730 3731
3731 3732
3732 3733
3733 3734
3734 3735
3735 3736
3736 3737
3737 3738
3738 3739
3739 3740
3740 3741
3741 3742
3742 3743
3743 3744
3744 3745
3745 3746
3746 3747
3747 3748
3748 3749
3749 3750
3750 3751
3751 3752
3752 3753
3753 3754
3754 3755
3755 3756
3756 3757
3757 3758
3758 3759
3759 3760
3760 3761
3761 3762
3762 3763
3763 3764
3764 3765
3765 3766
3766 3767
3767 3768
3768 3769
3769 3770
3770 3771
3771 3772
3772 3773
3773 3774
3774 3775
3775 3776
3776 3777
3777 3778
3778 3779
3779 3780
3780 3781
3781 3782
3782 3783
3783 3784
3784 3785
3785 3786
3786 3787
3787 3788
3788 3789
3789 3790
3790 3791
3791 3792
3792 3793
3793 3794
3794 3795
3795 3796
3796 3797
3797 3798
3798 3799
3799 3800
3800 3801
3801 3802
3802 3803
3803 3804
3804 3805
3805 3806
3806 3807
3807 3808
3808 3809
3809 3810
3810 3811
3811 3812
3812 3813
3813 3814
3814 3815
3815 3816
3816 3817
3817 3818
3818 3819
3819 3820
3820 3821
3821 3822
3822 3823
3823 3824
3824 3825
3825 3826
3826 3827
3827 3828
3828 3829
3829 3830
3830 3831
3831 3832
3832 3833
3833 3834
3834 3835
3835 3836
3836 3837
3837 3838
3838 3839
3839 3840
3840 3841
3841 3842
3842 3843
3843 3844
3844 3845
3845 3846
3846 3847
3847 3848
3848 3849
3849 3850
3850 3851
3851 3852
3852 3853
3853 3854
3854 3855
3855 3856
3856 3857
3857 3858
3858 3859
3859 3860
3860 3861
3861 3862
3862 3863
3863 3864
3864 3865
3865 3866
3866 3867
3867 3868
3868 3869
3869 3870
3870 3871
3871 3872
3872 3873
3873 3874
3874 3875
3875 3876
3876 3877
3877 3878
3878 3879
3879 3880
3880 3881
3881 3882
3882 3883
3883 3884
3884 3885
3885 3886
3886 3887
3887 3888
3888 3889
3889 3890
3890 3891
3891 3892
3892 3893
3893 3894
3894 3895
3895 3896
3896 3897
3897 3898
3898 3899
3899 3900
3900 3901
3901 3902
3902 3903
3903 3904
3904 3905
3905 3906
3906 3907
3907 3908
3908 3909
3909 3910
3910 3911
3911 3912
3912 3913
3913 3914
3914 3915
3915 3916
3916 3917
3917 3918
3918 3919
3919 3920
3920 3921
3921 3922
3922 3923
3923 3924
3924 3925
3925 3926
3926 3927
3927 3928
3928 3929
3929 3930
3930 3931
3931 3932
3932 3933
3933 3934
3934 3935
3935 3936
3936 3937
3937 3938
3938 3939
3939 3940
3940 3941
3941 3942
3942 3943
3943 3944
3944 3945
3945 3946
3946 3947
3947 3948
3948 3949
3949 3950
3950 3951
3951 3952
3952 3953
3953 3954
3954 3955
3955 3956
3956 3957
3957 3958
3958 3959
3959 3960
3960 3961
3961 3962
3962 3963
3963 3964
3964 3965
3965 3966
3966 3967
3967 3968
3968 3969
3969 3970
3971 3972
3972 3973
3973 3974
3974 3975
3975 3976
3976 3977
3977 3978
3978 3979
3979 3980
3980 3981
3981 3982
3982 3983
3983 3984
3984 3985
3985 3986
3986 3987
3987 3988
3988 3989
3989 3990
3990 3991
3991 3992
3992 3993
3993 3994
3994 3995
3995 3996
3996 3997
3997 3998
3998 3999
3999 4000
4000 4001
4001 4002
4002 4003
4003 4004
4004 4005
4005 4006
4006 4007
4007 4008
4008 4009
4009 4010
4010 4011
4011 4012
4012 4013
4013 4014
4014 4015
4015 4016
4016 4017
4017 4018
4018 4019
4019 4020
4020 4021
4021 4022
4022 4023
4023 4024
4024 4025
4025 4026
4026 4027
4027 4028
4028 4029
4029 4030
4030 4031
4031 4032
4032 4033
4033 4034
4034 4035
4035 4036
4036 4037
4037 4038
4038 4039
4039 4040
4040 4041
4041 4042
4042 4043
4043 4044
4044 4045
4045 4046
4046 4047
4047 4048
4048 4049
4049 4050
4050 4051
4051 4052
4053 4054
4054 4055
4055 4056
4056 4057
4057 4058
4058 4059
4059 4060
4060 4061
4061 4062
4062 4063
4063 4064
4064 4065
4065 4066
4066 4067
4067 4068
4068 4069
4069 4070
4070 4071
4071 4072
4072 4073
4073 4074
4074 4075
4075 4076
4076 4077
4077 4078
4078 4079
4079 4080
4080 4081
4081 4082
4082 4083
4083 4084
4084 4085
4085 4086
4086 4087
4087 4088
4088 4089
4089 4090
4090 4091
4091 4092
4092 4093
4093 4094
4094 4095
4095 4096
4096 4097
4097 4098
4098 4099
4099 4100
4100 4101
4101 4102
4102 4103
4103 4104
4104 4105
4105 4106
4106 4107
4107 4108
4108 4109
4109 4110
4110 4111
4111 4112
4112 4113
4113 4114
4114 4115
4115 4116
4116 4117
4117 4118
4118 4119
4119 4120
4120 4121
4121 4122
4122 4123
4123 4124
4124 4125
4125 4126
4126 4127
4127 4128
4128 4129
4129 4130
4130 4131
4131 4132
4132 4133
4133 4134
4134 4135
4135 4136
4136 4137
4137 4138
4138 4139
4139 4140
4140 4141
4141 4142
4142 4143
4143 4144
4144 4145
4145 4146
4146 4147
4147 4148
4148 4149
4149 4150
4150 4151
4151 4152
4152 4153
4153 4154
4154 4155
4155 4156
4156 4157
4157 4158
4158 4159
4159 4160
4160 4161
4161 4162
4162 4163
4163 4164
4164 4165
4165 4166
4166 4167
4167 4168
4168 4169
4169 4170
4170 4171
4171 4172
4172 4173
4173 4174
4174 4175
4175 4176
4176 4177
4177 4178
4178 4179
4179 4180
4180 4181
4181 4182
4182 4183
4183 4184
4184 4185
4185 4186
4186 4187
4187 4188
4188 4189
4189 4190
4190 4191
4191 4192
4192 4193
4193 4194
4194 4195
4195 4196
4196 4197
4197 4198
4198 4199
4199 4200
4200 4201
4201 4202
4202 4203
4203 4204
4204 4205
4205 4206
4206 4207
4207 4208
4208 4209
4209 4210
4210 4211
4211 4212
4212 4213
4213 4214
4214 4215
4215 4216
4217 4218
4218 4219
4219 4220
4220 4221
4221 4222
4222 4223
4223 4224
4224 4225
4225 4226
4226 4227
4227 4228
4228 4229
4229 4230
4230 4231
4231 4232
4232 4233
4233 4234
4234 4235
4235 4236
4236 4237
4237 4238
4238 4239
4239 4240
4240 4241
4241 4242
4242 4243
4243 4244
4244 4245
4245 4246
4246 4247
4247 4248
4248 4249
4249 4250
4250 4251
4251 4252
4252 4253
4253 4254
4254 4255
4255 4256
4256 4257
4257 4258
4258 4259
4259 4260
4260 4261
4261 4262
4262 4263
4263 4264
4264 4265
4265 4266
4266 4267
4267 4268
4268 4269
4269 4270
4271 4272
4272 4273
4273 4274
4274 4275
4275 4276
4276 4277
4277 4278
4278 4279
4279 4280
4280 4281
4281 4282
4282 4283
4283 4284
4284 4285
4285 4286
4286 4287
4287 4288
4288 4289
4289 4290
4290 4291
4291 4292
4292 4293
4293 4294
4294 4295
4295 4296
4296 4297
4297 4298
4298 4299
4299 4300
4300 4301
4301 4302
4302 4303
4303 4304
4304 4305
4305 4306
4306 4307
4307 4308
4308 4309
4309 4310
4310 4311
4311 4312
4312 4313
4313 4314
4314 4315
4315 4316
4316 4317
4317 4318
4318 4319
4319 4320
4320 4321
4321 4322
4322 4323
4323 4324
4324 4325
4325 4326
4326 4327
4327 4328
4328 4329
4329 4330
4330 4331
4331 4332
4332 4333
4333 4334
4334 4335
4335 4336
4336 4337
4337 4338
4338 4339
4339 4340
4340 4341
4341 4342
4342 4343
4343 4344
4344 4345
4345 4346
4346 4347
4347 4348
4348 4349
4349 4350
4350 4351
4351 4352
4352 4353
4353 4354
4354 4355
4355 4356
4356 4357
4357 4358
4358 4359
4359 4360
4360 4361
4361 4362
4362 4363
4363 4364
4364 4365
4365 4366
4366 4367
4367 4368
4368 4369
4369 4370
4370 4371
4371 4372
4372 4373
4373 4374
4374 4375
4375 4376
4376 4377
4377 4378
4378 4379
4379 4380
4380 4381
4381 4382
4382 4383
4383 4384
4384 4385
4385 4386
4386 4387
4387 4388
4388 4389
4389 4390
4390 4391
4391 4392
4392 4393
4393 4394
4394 4395
4395 4396
4396 4397
4397 4398
4398 4399
4399 4400
4400 4401
4401 4402
4402 4403
4403 4404
4404 4405
4405 4406
4406 4407
4407 4408
4408 4409
4409 4410
4410 4411
4411 4412
4412 4413
4413 4414
4414 4415
4415 4416
4416 4417
4417 4418
4418 4419
4419 4420
4420 4421
4421 4422
4422 4423
4423 4424
4424 4425
4425 4426
4426 4427
4427 4428
4428 4429
4429 4430
4430 4431
4431 4432
4433 4434
4434 4435
4435 4436
4436 4437
4437 4438
4438 4439
4439 4440
4440 4441
4441 4442
4442 4443
4443 4444
4444 4445
4445 4446
4446 4447
4447 4448
4448 4449
4449 4450
4450 4451
4451 4452
4452 4453
4453 4454
4454 4455
4455 4456
4456 4457
4457 4458
4458 4459
4459 4460
