925
137 20
183 290
146 343
120 455
121 517
45 583
28 634
70 703
123 737
229 748
424 745
569 629
721 465
693 372
721 250
726 58
646 79
486 218
367 196
76 700
80 696
85 694
100 683
108 683
109 684
114 684
117 686
126 688
136 692
139 692
145 695
156 697
165 701
172 702
179 705
183 705
191 709
194 709
201 712
205 712
207 714
195 738
152 735
151 734
122 731
90 708
373 664
366 733
363 738
324 740
283 739
268 741
227 741
204 739
204 735
212 716
216 713
233 712
267 702
302 690
352 669
369 663
366 659
276 695
233 708
223 708
222 707
225 701
255 661
306 661
307 660
319 660
320 659
341 658
342 657
364 657
553 632
488 683
422 739
375 737
372 735
374 709
379 688
382 661
386 657
498 636
544 631
234 594
242 632
250 660
211 708
166 696
109 678
104 678
100 675
98 668
98 659
147 597
224 593
49 589
58 592
63 596
67 604
72 619
80 635
85 650
87 652
87 654
91 662
92 671
95 677
95 680
93 682
90 683
82 689
76 692
74 692
68 685
67 682
64 679
51 659
46 654
34 634
35 629
37 626
40 612
42 609
42 606
45 599
45 596
47 593
47 591
596 552
599 585
587 601
565 625
513 629
450 641
415 645
410 644
452 616
494 593
563 558
593 545
590 539
588 542
508 579
451 610
399 643
396 642
434 604
514 537
562 502
566 501
312 498
315 501
325 523
347 581
351 596
371 640
374 651
372 653
339 653
300 657
257 656
253 653
249 642
238 591
675 494
676 496
673 501
673 503
670 507
667 513
667 515
663 519
663 520
657 526
648 538
646 539
646 540
620 566
619 566
607 578
605 579
603 577
602 566
601 565
601 559
600 558
600 546
601 544
611 536
620 530
623 529
631 523
634 522
638 518
648 512
658 504
664 501
672 495
394 478
395 481
391 504
386 560
378 606
376 634
374 635
359 604
339 548
315 492
317 489
385 478
185 479
182 482
177 484
172 488
170 488
168 490
165 491
163 493
160 494
155 498
150 500
148 502
145 503
143 505
142 505
135 509
133 509
132 510
129 511
127 513
126 512
126 505
128 503
128 502
129 501
130 501
130 500
131 499
132 499
134 497
134 496
139 491
139 490
152 477
161 477
162 478
184 478
687 475
675 488
598 539
595 539
587 527
587 525
583 517
580 514
572 501
576 497
579 497
588 494
593 494
597 492
607 491
621 487
643 484
647 482
651 482
659 479
664 479
668 477
674 477
682 474
686 474
421 466
422 467
422 470
420 474
419 482
416 489
416 493
410 512
409 520
407 523
403 540
401 544
401 548
399 552
399 556
397 560
397 563
394 572
394 577
388 593
387 592
387 585
388 584
388 578
390 571
390 563
391 562
391 555
392 554
393 526
394 525
395 511
396 510
397 500
399 495
402 477
404 475
559 497
557 501
480 559
417 614
395 636
393 635
434 537
480 456
487 458
471 456
472 458
452 494
423 553
392 605
391 601
405 545
408 539
410 528
423 486
423 482
425 479
427 465
430 463
170 445
171 446
171 447
165 454
165 455
160 461
160 462
153 469
153 470
132 491
132 492
129 495
127 495
126 494
126 476
125 475
125 469
124 468
124 458
127 456
129 456
130 455
132 455
133 454
136 454
137 453
139 453
140 452
142 452
143 451
147 451
148 450
150 450
151 449
155 449
156 448
160 448
161 447
163 447
164 446
168 446
169 445
203 467
203 469
201 471
200 471
199 472
194 472
193 473
160 473
158 471
158 470
166 462
166 461
169 458
169 457
171 455
171 454
174 451
174 450
179 445
179 444
183 440
187 440
188 441
188 442
189 443
189 444
190 445
190 446
191 447
191 448
193 450
193 451
194 452
194 453
195 454
195 455
196 456
196 457
198 459
198 460
200 462
200 463
201 464
201 465
458 452
456 455
451 455
447 457
443 457
434 460
426 459
400 473
385 474
384 475
374 475
373 476
356 478
351 480
343 480
331 483
323 483
322 482
329 475
341 469
349 463
361 457
389 439
394 439
402 441
405 443
409 443
420 446
439 448
440 449
445 449
381 437
381 438
379 440
378 440
375 443
374 443
372 445
371 445
370 446
369 446
367 448
366 448
365 449
364 449
363 450
362 450
360 452
359 452
358 453
357 453
356 454
355 454
353 456
352 456
350 458
349 458
347 460
346 460
344 462
343 462
341 464
340 464
337 466
336 465
336 464
337 463
337 462
342 457
342 456
344 454
344 453
346 451
346 450
348 448
348 447
352 443
352 442
354 440
354 439
357 436
357 435
359 433
365 433
366 434
371 434
372 435
376 435
377 436
380 436
264 408
308 494
273 541
232 589
132 592
54 582
81 555
117 525
210 473
233 446
261 405
273 403
276 403
279 405
286 407
297 413
317 419
320 421
323 421
326 423
335 426
338 426
341 428
349 429
353 432
350 439
345 444
339 454
325 470
315 485
312 487
310 485
309 481
306 477
306 475
298 461
298 459
286 436
286 434
284 432
278 419
276 417
272 405
254 401
255 403
253 407
251 409
250 412
248 414
248 415
246 417
246 418
244 420
242 424
230 438
230 439
227 442
227 443
217 454
217 455
208 464
206 464
203 458
201 456
194 441
192 439
191 437
191 435
194 432
197 431
200 428
207 425
209 423
211 423
217 420
219 418
221 417
223 417
225 415
232 412
234 410
236 410
240 408
242 406
688 377
690 379
693 393
705 429
713 463
711 465
669 473
643 480
580 491
579 489
615 451
645 416
683 379
533 372
532 375
518 391
503 413
495 422
476 451
455 447
450 445
445 445
436 442
430 442
408 438
405 436
408 432
412 431
432 420
445 415
454 408
456 408
494 388
499 387
512 380
514 380
530 371
532 371
533 370
534 371
533 372
683 373
630 426
584 479
565 495
482 451
510 409
544 366
583 365
598 367
636 367
153 349
155 351
158 360
158 363
166 385
166 388
175 409
178 420
180 423
184 435
180 438
168 442
141 448
137 450
133 450
129 452
127 450
127 448
129 444
130 435
136 418
136 414
139 404
139 399
141 396
141 392
146 377
146 372
149 362
149 358
151 354
151 351
183 303
185 304
186 318
187 319
187 324
188 325
188 383
187 384
187 391
186 392
186 409
185 410
183 408
179 400
179 398
177 396
173 387
170 383
170 381
168 378
168 375
166 372
166 370
164 366
164 363
162 360
162 356
161 355
158 344
156 341
156 338
162 331
174 313
541 359
539 362
523 371
486 387
435 415
394 434
365 429
362 427
407 365
478 280
488 288
507 310
229 259
231 261
236 287
238 291
252 367
252 373
256 389
233 404
214 413
201 422
191 426
190 407
192 394
193 289
715 252
715 262
710 292
693 356
688 368
683 369
634 363
604 363
590 361
564 362
551 360
575 343
581 341
640 303
712 252
427 208
431 208
432 209
434 209
435 210
437 210
441 212
444 212
445 213
449 213
453 215
456 215
459 217
462 217
463 218
470 219
474 221
477 221
478 222
485 223
487 225
486 236
484 240
484 244
483 245
483 248
482 249
482 252
481 253
481 256
480 257
480 261
479 262
479 264
478 265
478 269
477 270
475 270
472 267
472 266
468 262
468 261
465 258
465 257
461 253
461 252
453 242
453 241
448 236
448 235
443 230
443 229
435 221
435 220
428 213
428 212
426 210
416 205
473 273
474 277
470 284
407 359
357 426
314 414
269 395
267 391
387 230
412 205
398 204
400 206
357 255
298 339
261 386
258 380
242 288
236 269
236 252
273 223
298 208
355 203
540 170
547 180
554 197
555 204
551 217
551 223
549 227
548 235
546 239
546 244
533 285
530 300
526 310
525 320
522 322
508 304
480 275
480 272
494 219
508 203
515 192
530 177
626 103
627 105
608 133
586 160
583 165
567 183
561 192
559 192
553 180
548 173
545 166
549 162
555 159
561 154
565 152
571 146
575 144
585 135
586 135
593 128
602 121
606 119
610 115
614 113
620 107
720 68
720 216
717 243
631 303
571 336
586 302
607 267
638 206
694 108
713 64
714 68
660 156
576 308
544 353
528 330
565 193
653 80
687 69
160 62
239 176
271 212
271 214
263 222
233 245
230 242
177 113
166 79
159 66
158 61
159 60
160 61
160 62
159 63
158 62
147 58
155 81
185 147
224 247
224 251
220 256
188 283
177 240
154 121
151 90
146 67
882
0 1
1 2
2 3
3 4
4 5
5 6
6 7
7 8
8 9
9 10
10 11
11 12
12 13
13 14
14 15
15 16
16 17
17 18
19 20
20 21
21 22
22 23
23 24
24 25
25 26
26 27
27 28
28 29
29 30
30 31
31 32
32 33
33 34
34 35
35 36
36 37
37 38
38 39
39 40
40 41
41 42
42 43
43 44
44 45
46 47
47 48
48 49
49 50
50 51
51 52
52 53
53 54
54 55
55 56
56 57
57 58
58 59
59 60
60 61
62 63
63 64
64 65
65 66
66 67
67 68
68 69
69 70
70 71
71 72
72 73
73 74
74 75
76 77
77 78
78 79
79 80
80 81
81 82
82 83
83 84
84 85
85 86
87 88
88 89
89 90
90 91
91 92
92 93
93 94
94 95
95 96
96 97
97 98
99 100
100 101
101 102
102 103
103 104
104 105
105 106
106 107
107 108
108 109
109 110
110 111
111 112
112 113
113 114
114 115
115 116
116 117
117 118
118 119
119 120
120 121
121 122
122 123
123 124
124 125
125 126
126 127
127 128
128 129
129 130
130 131
132 133
133 134
134 135
135 136
136 137
137 138
138 139
139 140
140 141
141 142
142 143
144 145
145 146
146 147
147 148
148 149
149 150
150 151
151 152
152 153
154 155
155 156
156 157
157 158
158 159
159 160
160 161
161 162
162 163
163 164
164 165
165 166
166 167
168 169
169 170
170 171
171 172
172 173
173 174
174 175
175 176
176 177
177 178
178 179
179 180
180 181
181 182
182 183
183 184
184 185
185 186
186 187
187 188
188 189
189 190
190 191
191 192
192 193
193 194
194 195
195 196
196 197
197 198
198 199
199 200
200 201
202 203
203 204
204 205
205 206
206 207
207 208
208 209
209 210
210 211
211 212
212 213
214 215
215 216
216 217
217 218
218 219
219 220
220 221
221 222
222 223
223 224
224 225
225 226
226 227
227 228
228 229
229 230
230 231
231 232
232 233
233 234
234 235
235 236
236 237
237 238
238 239
239 240
240 241
241 242
242 243
243 244
244 245
245 246
246 247
247 248
248 249
249 250
251 252
252 253
253 254
254 255
255 256
256 257
257 258
258 259
259 260
260 261
261 262
262 263
263 264
264 265
265 266
266 267
267 268
268 269
269 270
270 271
271 272
272 273
273 274
274 275
276 277
277 278
278 279
279 280
280 281
281 282
282 283
283 284
284 285
285 286
286 287
287 288
288 289
289 290
290 291
291 292
292 293
293 294
294 295
295 296
296 297
297 298
298 299
299 300
300 301
301 302
302 303
303 304
304 305
305 306
306 307
307 308
308 309
309 310
310 311
311 312
313 314
314 315
315 316
316 317
317 318
318 319
319 320
320 321
322 323
323 324
324 325
325 326
326 327
327 328
328 329
329 330
330 331
331 332
332 333
333 334
334 335
336 337
337 338
338 339
339 340
340 341
341 342
342 343
343 344
344 345
345 346
346 347
347 348
348 349
349 350
350 351
351 352
352 353
353 354
354 355
355 356
356 357
357 358
358 359
359 360
360 361
361 362
362 363
363 364
364 365
365 366
366 367
367 368
368 369
369 370
370 371
371 372
372 373
373 374
374 375
375 376
376 377
378 379
379 380
380 381
381 382
382 383
383 384
384 385
385 386
386 387
387 388
388 389
389 390
390 391
391 392
392 393
393 394
394 395
395 396
396 397
397 398
398 399
399 400
400 401
401 402
402 403
403 404
404 405
405 406
406 407
407 408
408 409
409 410
410 411
411 412
412 413
413 414
414 415
415 416
416 417
417 418
418 419
419 420
420 421
422 423
423 424
424 425
425 426
426 427
427 428
428 429
429 430
430 431
431 432
432 433
433 434
434 435
435 436
436 437
437 438
438 439
439 440
440 441
441 442
442 443
443 444
444 445
445 446
446 447
447 448
448 449
449 450
450 451
451 452
453 454
454 455
455 456
456 457
457 458
458 459
459 460
460 461
461 462
462 463
463 464
464 465
465 466
466 467
467 468
468 469
469 470
470 471
471 472
472 473
473 474
474 475
475 476
476 477
477 478
478 479
479 480
480 481
481 482
482 483
483 484
484 485
485 486
486 487
487 488
488 489
489 490
490 491
491 492
492 493
493 494
494 495
495 496
496 497
497 498
498 499
499 500
500 501
501 502
502 503
503 504
504 505
505 506
506 507
507 508
508 509
509 510
510 511
512 513
513 514
514 515
515 516
516 517
517 518
518 519
519 520
520 521
521 522
523 524
524 525
525 526
526 527
527 528
528 529
529 530
530 531
531 532
532 533
533 534
534 535
535 536
536 537
537 538
538 539
539 540
540 541
541 542
542 543
543 544
544 545
545 546
546 547
547 548
548 549
549 550
550 551
551 552
552 553
553 554
555 556
556 557
557 558
558 559
559 560
560 561
561 562
562 563
563 564
564 565
565 566
566 567
567 568
568 569
569 570
570 571
571 572
572 573
573 574
574 575
575 576
576 577
577 578
578 579
579 580
580 581
581 582
582 583
583 584
584 585
585 586
586 587
587 588
588 589
589 590
590 591
591 592
592 593
593 594
594 595
596 597
597 598
598 599
599 600
600 601
601 602
602 603
603 604
604 605
605 606
606 607
607 608
609 610
610 611
611 612
612 613
613 614
614 615
615 616
616 617
617 618
618 619
619 620
620 621
621 622
622 623
623 624
624 625
625 626
626 627
627 628
628 629
629 630
630 631
631 632
633 634
634 635
635 636
637 638
638 639
639 640
640 641
641 642
642 643
643 644
644 645
645 646
647 648
648 649
649 650
650 651
651 652
652 653
653 654
654 655
655 656
656 657
657 658
658 659
659 660
660 661
661 662
662 663
663 664
664 665
665 666
666 667
667 668
668 669
669 670
670 671
671 672
672 673
673 674
674 675
675 676
676 677
677 678
679 680
680 681
681 682
682 683
683 684
684 685
685 686
686 687
687 688
688 689
689 690
690 691
691 692
692 693
693 694
694 695
695 696
696 697
697 698
698 699
699 700
700 701
701 702
702 703
703 704
704 705
705 706
706 707
707 708
708 709
709 710
710 711
712 713
713 714
714 715
715 716
716 717
717 718
718 719
719 720
720 721
721 722
722 723
724 725
725 726
726 727
727 728
728 729
729 730
730 731
731 732
732 733
733 734
734 735
735 736
736 737
738 739
739 740
740 741
741 742
742 743
743 744
744 745
745 746
746 747
747 748
748 749
749 750
750 751
751 752
753 754
754 755
755 756
756 757
757 758
758 759
759 760
760 761
761 762
762 763
763 764
764 765
765 766
766 767
767 768
768 769
769 770
770 771
771 772
772 773
773 774
774 775
775 776
776 777
777 778
778 779
779 780
780 781
781 782
782 783
783 784
784 785
785 786
786 787
787 788
788 789
789 790
790 791
791 792
792 793
793 794
794 795
795 796
796 797
797 798
798 799
799 800
800 801
801 802
802 803
803 804
804 805
805 806
806 807
807 808
808 809
810 811
811 812
812 813
813 814
814 815
815 816
816 817
817 818
818 819
819 820
821 822
822 823
823 824
824 825
825 826
826 827
827 828
828 829
829 830
830 831
831 832
833 834
834 835
835 836
836 837
837 838
838 839
839 840
840 841
841 842
842 843
843 844
844 845
845 846
846 847
847 848
848 849
849 850
850 851
851 852
852 853
853 854
855 856
856 857
857 858
858 859
859 860
860 861
861 862
862 863
863 864
864 865
865 866
866 867
867 868
868 869
869 870
870 871
871 872
872 873
873 874
874 875
875 876
876 877
877 878
878 879
880 881
881 882
882 883
883 884
884 885
885 886
886 887
887 888
889 890
890 891
891 892
892 893
893 894
894 895
895 896
896 897
898 899
899 900
900 901
901 902
902 903
903 904
904 905
905 906
906 907
908 909
909 910
910 911
911 912
912 913
914 915
915 916
916 917
917 918
918 919
919 920
920 921
921 922
922 923
923 924
