857
142 758
142 756
141 756
140 755
139 756
105 756
104 757
106 759
106 760
111 765
111 766
116 771
116 772
121 777
121 778
122 779
125 779
127 777
127 776
132 771
132 770
136 766
136 765
140 761
140 760
35 683
35 686
42 693
42 694
46 698
48 698
53 693
53 692
56 689
56 688
59 685
59 684
58 683
75 654
75 656
76 657
76 658
82 664
82 665
85 668
85 669
91 675
91 676
95 680
95 681
97 683
99 683
101 681
101 680
103 678
103 677
108 672
108 671
113 666
113 665
117 661
117 660
119 658
119 657
120 656
120 654
111 654
110 655
105 655
104 654
103 654
102 655
80 655
79 654
551 309
551 311
558 318
558 319
565 326
565 327
569 331
569 332
573 336
575 336
578 333
578 332
581 329
581 328
585 324
585 323
590 318
590 317
595 312
595 311
596 310
596 309
595 308
552 308
486 303
486 304
489 307
489 308
494 313
494 314
497 317
500 317
501 316
501 315
504 312
504 311
509 306
509 305
510 304
509 303
509 302
487 302
511 244
511 245
517 251
517 252
520 255
520 256
524 260
524 261
529 266
531 266
534 263
534 262
537 259
537 258
541 254
541 253
545 249
545 248
548 245
548 244
547 243
512 243
108 30
115 219
160 278
203 693
410 701
685 694
608 635
611 667
480 621
480 425
373 278
394 263
428 212
421 35
333 112
271 88
193 109
507 637
511 636
516 639
519 639
573 658
577 658
601 667
611 669
614 671
653 683
656 685
666 687
668 690
667 691
640 691
639 692
606 691
573 673
569 672
534 652
528 650
517 643
509 640
472 631
472 634
456 656
438 684
426 699
405 698
404 697
383 697
382 696
336 693
335 692
339 688
367 677
371 674
378 672
382 669
385 669
387 667
421 653
423 651
428 650
430 648
439 645
441 643
450 640
459 635
464 634
471 630
432 697
479 628
482 628
597 690
595 692
530 694
499 697
464 697
434 699
324 453
323 688
319 689
268 657
267 651
314 484
320 458
205 449
207 450
215 483
218 487
263 653
260 658
210 689
206 688
476 435
478 455
477 624
332 689
330 685
472 438
261 335
263 336
262 636
258 629
206 437
211 422
267 334
324 434
271 630
267 636
363 309
364 317
347 480
338 546
330 637
328 639
326 637
327 431
360 311
167 308
170 311
172 325
202 428
203 635
201 637
198 631
191 543
165 312
371 280
476 427
328 682
365 278
367 280
363 290
363 296
357 312
357 317
355 319
346 356
344 359
344 364
331 407
330 415
328 417
327 425
324 427
321 424
272 336
271 332
268 329
268 325
273 321
293 313
307 305
165 278
262 325
250 349
242 361
209 420
208 424
205 427
202 424
202 418
199 412
188 368
186 365
186 360
183 354
180 338
177 332
169 298
166 292
166 287
163 280
197 158
200 160
210 188
213 192
213 195
229 234
231 243
234 247
237 258
239 260
242 271
253 297
253 301
243 313
173 278
166 276
163 273
167 255
170 250
171 241
175 233
177 222
180 216
183 202
223 241
222 240
221 241
221 242
215 248
214 248
213 249
211 249
210 250
206 250
205 251
196 251
195 250
191 250
190 249
188 249
187 248
186 248
184 246
183 246
181 244
180 244
177 241
176 242
176 244
177 245
177 246
181 250
182 250
184 252
185 252
188 254
191 254
192 255
197 255
198 256
203 256
204 255
208 255
209 254
212 254
213 253
214 253
215 252
216 252
218 250
219 250
223 244
353 157
355 157
365 166
373 171
387 183
404 195
409 200
421 208
424 212
423 215
416 224
415 227
408 236
405 242
402 245
401 248
398 251
394 258
392 258
389 253
389 250
387 248
387 245
385 242
384 237
380 230
379 225
376 220
373 210
370 205
370 203
364 190
363 185
358 175
357 170
354 165
354 163
352 161
352 158
347 156
354 170
376 228
379 232
379 235
390 260
386 265
286 312
279 302
279 296
336 178
344 158
322 241
322 244
325 247
325 248
328 251
329 251
331 253
332 253
333 254
336 254
337 255
339 255
340 256
352 256
353 255
355 255
356 254
358 254
359 253
360 253
362 251
363 251
365 249
365 248
367 246
367 245
368 244
368 243
367 242
367 241
361 247
360 247
358 249
356 249
355 250
352 250
351 251
339 251
338 250
335 250
334 249
332 249
329 246
328 246
326 244
326 243
324 241
324 240
323 240
192 156
193 157
193 162
191 166
191 169
189 172
189 176
186 183
186 186
183 192
182 199
180 202
180 206
178 209
175 223
172 229
172 233
170 236
170 240
167 246
164 260
161 265
161 268
158 269
140 247
134 238
119 221
119 219
203 151
342 151
344 153
275 298
257 298
253 292
202 159
201 153
354 152
355 151
358 151
359 150
395 149
396 148
404 148
405 147
412 147
413 146
416 146
419 148
419 154
420 155
420 158
421 159
421 166
422 167
422 183
423 184
423 189
424 190
424 205
422 206
419 203
418 203
415 200
410 197
406 193
405 193
402 190
401 190
398 187
393 184
388 179
387 179
384 176
383 176
380 173
379 173
376 170
371 167
358 156
355 155
354 154
117 212
117 201
116 200
116 168
115 167
115 157
114 156
114 147
113 146
113 140
117 138
118 139
124 139
125 140
130 140
131 141
137 141
138 142
142 142
147 144
169 146
170 147
174 147
175 148
183 149
184 150
190 150
191 152
174 168
167 173
120 214
338 119
340 117
341 117
342 118
344 118
347 120
352 121
355 123
357 123
358 124
363 125
368 128
371 128
372 129
374 129
377 131
379 131
382 133
384 133
385 134
387 134
388 135
393 136
398 139
402 139
405 141
407 141
408 142
408 143
406 145
397 145
396 146
381 146
380 147
362 147
361 148
356 148
355 149
350 149
347 146
347 145
346 144
346 141
344 139
344 136
343 135
343 133
342 132
342 130
341 129
341 126
338 121
196 147
195 148
192 148
191 147
182 147
181 146
178 146
177 145
173 145
172 144
164 144
160 142
154 142
153 141
147 141
146 140
141 140
140 139
127 138
125 137
124 135
127 133
129 133
133 131
136 131
137 130
139 130
143 128
147 128
153 125
156 125
157 124
159 124
160 123
163 123
164 122
166 122
170 120
173 120
174 119
176 119
180 117
183 117
189 114
192 114
193 115
193 123
194 124
194 132
195 133
195 139
196 140
283 97
284 96
286 96
289 98
291 98
292 99
293 99
295 101
297 101
298 102
300 102
301 103
304 103
305 104
307 104
311 107
314 107
317 109
319 109
320 110
325 111
328 113
331 113
335 117
335 119
336 120
336 123
337 124
337 126
338 127
338 130
341 135
341 137
342 138
343 141
341 143
340 142
339 142
336 139
335 139
332 136
331 136
328 133
327 133
324 130
323 130
320 127
319 127
315 123
314 123
305 115
304 115
302 113
301 113
297 109
296 109
289 103
288 103
286 101
285 101
284 100
257 94
257 95
249 103
248 103
242 109
241 109
239 112
238 112
232 118
231 118
225 124
224 124
211 136
210 136
205 141
204 141
202 144
199 144
198 143
198 136
197 135
197 125
196 124
196 114
199 111
201 111
204 109
208 109
211 107
218 106
221 104
224 104
225 103
227 103
228 102
230 102
231 101
235 101
240 98
243 98
244 97
246 97
247 96
250 96
251 95
252 95
253 94
255 94
256 93
202 147
255 102
264 93
269 91
326 135
331 140
334 141
341 148
340 149
323 149
319 150
318 149
203 149
339 111
350 101
351 101
385 69
392 64
395 68
395 71
400 84
400 87
402 90
403 96
405 99
405 102
408 108
408 111
411 118
411 121
412 122
414 130
416 133
417 140
415 142
411 141
409 139
406 139
401 136
393 134
388 131
382 130
374 126
366 124
358 120
356 120
345 115
343 115
341 114
822
0 1
1 2
2 3
3 4
4 5
5 6
6 7
7 8
8 9
9 10
10 11
11 12
12 13
13 14
14 15
15 16
16 17
17 18
18 19
19 20
20 21
21 22
22 23
23 24
25 26
26 27
27 28
28 29
29 30
30 31
31 32
32 33
33 34
34 35
35 36
36 37
38 39
39 40
40 41
41 42
42 43
43 44
44 45
45 46
46 47
47 48
48 49
49 50
50 51
51 52
52 53
53 54
54 55
55 56
56 57
57 58
58 59
59 60
60 61
61 62
62 63
63 64
64 65
65 66
66 67
67 68
68 69
69 70
70 71
71 72
72 73
74 75
75 76
76 77
77 78
78 79
79 80
80 81
81 82
82 83
83 84
84 85
85 86
86 87
87 88
88 89
89 90
90 91
91 92
92 93
93 94
94 95
95 96
96 97
98 99
99 100
100 101
101 102
102 103
103 104
104 105
105 106
106 107
107 108
108 109
109 110
110 111
111 112
112 113
113 114
114 115
116 117
117 118
118 119
119 120
120 121
121 122
122 123
123 124
124 125
125 126
126 127
127 128
128 129
129 130
130 131
131 132
132 133
133 134
134 135
135 136
136 137
138 139
139 140
140 141
141 142
142 143
143 144
144 145
145 146
146 147
147 148
148 149
149 150
150 151
151 152
152 153
153 154
155 156
156 157
157 158
158 159
159 160
160 161
161 162
162 163
163 164
164 165
165 166
166 167
167 168
168 169
169 170
170 171
171 172
172 173
173 174
174 175
175 176
176 177
178 179
179 180
180 181
181 182
182 183
183 184
184 185
185 186
186 187
187 188
188 189
189 190
190 191
191 192
192 193
193 194
194 195
195 196
196 197
197 198
198 199
199 200
200 201
201 202
202 203
203 204
204 205
206 207
207 208
208 209
209 210
210 211
211 212
212 213
213 214
215 216
216 217
217 218
218 219
219 220
220 221
222 223
223 224
224 225
225 226
226 227
227 228
228 229
230 231
231 232
232 233
233 234
234 235
236 237
237 238
238 239
239 240
240 241
242 243
243 244
244 245
246 247
247 248
248 249
249 250
250 251
251 252
252 253
253 254
255 256
256 257
257 258
258 259
259 260
260 261
261 262
262 263
264 265
265 266
267 268
268 269
269 270
270 271
271 272
272 273
273 274
274 275
275 276
276 277
277 278
278 279
279 280
280 281
281 282
282 283
283 284
284 285
285 286
286 287
287 288
288 289
290 291
291 292
292 293
293 294
294 295
295 296
296 297
297 298
298 299
299 300
300 301
301 302
302 303
303 304
304 305
305 306
306 307
307 308
308 309
310 311
311 312
312 313
313 314
314 315
315 316
316 317
317 318
318 319
319 320
320 321
321 322
322 323
323 324
324 325
325 326
326 327
327 328
328 329
329 330
330 331
331 332
332 333
334 335
335 336
336 337
337 338
338 339
339 340
340 341
341 342
342 343
343 344
344 345
345 346
346 347
347 348
348 349
349 350
350 351
351 352
352 353
353 354
354 355
355 356
356 357
357 358
358 359
359 360
360 361
361 362
362 363
363 364
364 365
365 366
366 367
367 368
368 369
369 370
370 371
371 372
372 373
373 374
374 375
375 376
376 377
377 378
378 379
379 380
380 381
382 383
383 384
384 385
385 386
386 387
387 388
388 389
389 390
390 391
391 392
392 393
393 394
394 395
395 396
396 397
397 398
398 399
399 400
400 401
401 402
402 403
403 404
404 405
405 406
406 407
407 408
408 409
409 410
410 411
411 412
412 413
413 414
414 415
415 416
416 417
417 418
418 419
419 420
421 422
422 423
423 424
424 425
425 426
426 427
427 428
428 429
429 430
430 431
431 432
433 434
434 435
435 436
436 437
437 438
438 439
439 440
440 441
441 442
442 443
443 444
444 445
445 446
446 447
447 448
448 449
449 450
450 451
451 452
452 453
453 454
454 455
455 456
456 457
457 458
458 459
459 460
460 461
461 462
462 463
463 464
464 465
465 466
466 467
467 468
468 469
469 470
470 471
471 472
472 473
473 474
474 475
475 476
476 477
477 478
478 479
479 480
480 481
482 483
483 484
484 485
485 486
486 487
487 488
488 489
489 490
490 491
491 492
492 493
493 494
494 495
495 496
496 497
497 498
498 499
499 500
500 501
501 502
502 503
503 504
504 505
505 506
506 507
507 508
508 509
510 511
511 512
512 513
513 514
514 515
515 516
516 517
518 519
519 520
520 521
521 522
522 523
523 524
524 525
525 526
526 527
527 528
528 529
529 530
530 531
531 532
532 533
533 534
534 535
535 536
536 537
537 538
538 539
539 540
540 541
541 542
542 543
543 544
544 545
545 546
546 547
547 548
548 549
549 550
550 551
551 552
552 553
553 554
554 555
555 556
556 557
557 558
558 559
559 560
560 561
561 562
563 564
564 565
565 566
566 567
567 568
568 569
569 570
570 571
571 572
572 573
573 574
574 575
575 576
576 577
577 578
578 579
579 580
580 581
581 582
582 583
583 584
584 585
585 586
586 587
587 588
588 589
589 590
590 591
591 592
592 593
594 595
595 596
596 597
597 598
598 599
599 600
600 601
601 602
602 603
603 604
604 605
605 606
606 607
607 608
608 609
609 610
610 611
611 612
612 613
613 614
614 615
615 616
616 617
617 618
618 619
619 620
620 621
621 622
622 623
623 624
624 625
625 626
626 627
627 628
628 629
629 630
630 631
631 632
632 633
633 634
634 635
635 636
636 637
637 638
638 639
639 640
640 641
641 642
642 643
643 644
644 645
646 647
647 648
648 649
649 650
650 651
651 652
652 653
653 654
654 655
655 656
656 657
657 658
658 659
659 660
660 661
661 662
662 663
663 664
664 665
665 666
666 667
667 668
668 669
669 670
670 671
671 672
672 673
673 674
674 675
675 676
676 677
677 678
678 679
679 680
680 681
681 682
682 683
683 684
684 685
685 686
686 687
687 688
688 689
689 690
690 691
691 692
692 693
693 694
694 695
695 696
696 697
698 699
699 700
700 701
701 702
702 703
703 704
704 705
705 706
706 707
707 708
708 709
709 710
710 711
711 712
712 713
713 714
714 715
715 716
716 717
717 718
718 719
719 720
720 721
721 722
722 723
723 724
724 725
725 726
726 727
727 728
728 729
729 730
730 731
731 732
732 733
733 734
734 735
735 736
736 737
737 738
738 739
739 740
740 741
741 742
742 743
743 744
744 745
745 746
746 747
747 748
748 749
749 750
750 751
751 752
752 753
753 754
754 755
755 756
756 757
757 758
759 760
760 761
761 762
762 763
763 764
764 765
765 766
766 767
767 768
768 769
769 770
770 771
771 772
772 773
773 774
774 775
775 776
776 777
777 778
778 779
779 780
780 781
781 782
782 783
783 784
784 785
785 786
786 787
787 788
788 789
789 790
790 791
791 792
792 793
793 794
794 795
795 796
796 797
797 798
798 799
799 800
800 801
801 802
802 803
803 804
804 805
805 806
806 807
808 809
809 810
810 811
811 812
812 813
813 814
814 815
815 816
816 817
817 818
818 819
819 820
821 822
822 823
823 824
824 825
825 826
826 827
827 828
828 829
829 830
830 831
831 832
832 833
833 834
834 835
835 836
836 837
837 838
838 839
839 840
840 841
841 842
842 843
843 844
844 845
845 846
846 847
847 848
848 849
849 850
850 851
851 852
852 853
853 854
854 855
855 856
