1655
648 36
537 155
430 122
462 179
394 156
341 164
384 197
327 217
391 247
312 267
374 298
302 314
361 348
283 357
357 378
271 424
316 435
295 461
171 486
69 549
54 741
27 775
93 755
134 653
180 709
157 758
210 903
256 902
211 813
209 766
248 711
251 776
322 843
341 894
386 891
296 762
334 685
337 620
412 604
530 530
613 556
603 618
565 637
570 667
621 641
666 565
630 442
556 426
505 274
548 265
610 291
650 250
568 182
332 854
333 853
334 853
336 855
337 855
341 859
342 859
346 863
347 863
351 867
352 867
356 871
357 871
361 875
362 875
366 879
367 879
371 883
372 883
375 886
373 888
365 888
364 889
353 889
352 890
346 890
343 887
343 885
342 884
342 882
340 879
340 876
338 873
338 871
337 870
337 868
336 867
336 865
335 864
335 863
334 862
334 860
332 857
203 852
204 851
209 851
210 852
212 852
213 853
215 853
216 854
219 854
220 855
222 855
223 856
226 856
227 857
230 857
231 858
233 858
234 859
235 859
238 863
238 866
240 869
240 871
242 874
242 876
244 879
244 881
246 884
246 887
248 890
248 892
249 893
250 896
248 898
215 898
213 896
213 861
279 794
281 793
287 796
301 805
308 808
310 810
315 812
327 820
329 820
334 824
342 828
347 834
349 839
355 847
357 852
365 863
369 870
369 872
367 873
327 841
313 827
312 827
311 825
310 825
296 811
295 811
294 809
279 795
170 773
185 790
185 791
195 802
195 803
200 808
200 809
205 814
205 815
208 818
210 822
213 825
215 829
218 832
218 833
230 850
229 851
224 851
220 849
216 849
215 848
213 848
206 845
203 845
199 843
195 843
191 841
189 839
188 833
185 827
185 824
183 821
182 815
179 809
179 806
177 803
177 801
175 797
175 794
174 793
172 785
169 779
169 774
262 775
265 772
268 772
271 770
274 770
275 769
277 769
278 768
280 768
281 767
286 766
289 764
291 764
298 772
298 773
302 777
302 778
306 782
306 783
311 788
311 789
314 792
314 793
323 803
323 804
326 807
326 808
329 811
330 813
329 814
327 813
325 813
320 809
315 807
313 805
311 805
306 801
301 799
299 797
294 795
292 793
280 787
278 785
275 784
273 782
268 780
184 717
188 722
191 729
193 731
196 738
198 740
202 749
204 751
204 761
205 762
205 784
206 785
206 803
204 805
163 756
163 753
164 751
166 749
170 740
172 738
181 720
112 706
99 732
97 734
97 736
93 744
91 746
88 752
84 754
82 754
81 755
73 757
72 758
69 758
63 761
60 761
57 763
54 763
53 764
45 766
44 767
42 767
41 766
41 764
52 752
52 751
61 742
62 742
71 734
75 732
79 728
80 728
83 725
84 725
88 721
89 721
92 718
93 718
97 714
98 714
109 705
111 705
325 683
327 685
327 687
316 709
314 711
314 713
308 723
307 727
305 729
304 733
302 735
292 756
288 760
261 769
257 769
255 767
256 766
256 760
255 759
255 754
256 753
256 750
255 749
255 719
256 718
256 708
255 706
257 701
281 676
294 677
298 679
303 679
309 681
315 681
320 683
126 652
127 653
127 655
125 660
125 667
124 668
123 677
121 682
121 688
116 694
112 696
108 700
99 706
95 710
90 713
85 718
81 720
69 730
65 732
64 731
64 728
68 720
69 715
71 712
72 707
74 704
76 696
78 693
78 691
80 688
82 681
86 677
122 653
570 644
571 643
574 643
575 644
576 644
577 645
578 645
579 646
581 646
582 647
583 647
584 648
585 648
586 649
587 649
588 650
588 652
587 653
586 653
585 654
584 654
583 655
582 655
581 656
580 656
579 657
577 657
576 658
575 658
574 659
571 659
570 658
329 627
331 630
331 637
330 638
330 676
328 678
320 678
319 677
316 677
315 676
309 676
308 675
304 675
303 674
298 674
297 673
294 673
293 672
289 672
288 671
288 669
298 659
298 658
299 657
300 657
301 656
301 655
612 640
610 642
609 642
608 643
607 643
606 644
605 644
604 645
603 645
602 646
601 646
600 647
598 647
597 648
596 647
594 647
593 646
592 646
591 645
589 645
588 644
587 644
586 643
585 643
584 642
583 642
582 641
581 641
580 640
579 640
577 638
578 637
578 636
579 635
581 635
582 634
583 634
584 633
585 633
586 632
588 632
589 631
590 631
591 630
592 630
593 629
594 629
595 628
597 628
598 627
599 627
600 626
604 626
606 628
606 629
609 632
609 633
610 634
610 635
612 637
238 599
240 601
240 608
242 615
244 645
246 653
246 664
248 671
248 681
250 689
250 701
208 746
200 735
199 731
189 715
187 709
205 671
209 660
211 658
215 647
217 645
225 625
227 623
231 612
232 594
233 597
214 637
206 657
204 659
204 661
185 702
182 703
136 646
138 643
149 637
151 637
190 615
196 613
222 598
120 583
121 584
122 590
123 591
123 600
124 601
124 606
125 607
125 618
126 619
126 625
127 626
127 637
128 638
128 642
120 649
117 650
115 652
114 652
112 654
111 654
109 656
108 656
106 658
105 658
89 669
88 668
88 665
89 664
90 659
92 656
92 654
94 651
96 643
98 640
98 638
102 630
102 627
104 624
104 622
108 614
108 611
111 606
112 601
114 598
114 595
116 592
116 590
118 587
118 585
114 577
115 581
105 605
105 608
103 610
103 613
97 626
97 629
95 632
93 640
91 642
88 653
85 658
66 711
63 716
61 713
61 710
62 709
62 693
63 692
64 665
65 664
66 638
67 637
69 609
133 638
132 636
131 619
130 618
130 608
128 601
128 592
126 584
126 572
127 571
139 572
144 574
152 574
158 576
165 576
172 578
178 578
184 580
191 580
197 582
218 584
223 586
228 586
230 588
215 597
213 597
200 605
198 605
185 613
146 633
144 635
142 635
136 639
656 560
659 563
659 565
657 567
652 577
650 579
648 584
643 591
641 596
639 598
637 603
635 605
629 617
625 622
623 627
621 629
621 631
618 634
616 634
614 632
608 622
608 614
609 613
609 610
610 609
610 604
611 603
612 592
613 591
613 588
614 587
614 582
615 581
615 578
616 577
616 573
617 572
617 567
618 566
618 561
619 560
619 558
622 556
623 557
629 557
630 558
642 558
643 559
648 559
649 560
70 599
70 583
71 582
71 571
72 570
72 557
73 556
79 556
82 558
85 558
86 559
88 559
89 560
91 560
92 561
94 561
95 562
98 562
101 564
104 564
105 565
107 565
108 566
110 566
111 567
112 567
114 569
114 570
112 572
111 572
108 575
107 575
105 577
104 577
102 579
101 579
98 582
97 582
95 584
94 584
91 587
90 587
88 589
87 589
85 591
84 591
81 594
80 594
78 596
77 596
74 599
73 599
72 600
71 600
240 548
245 550
328 618
328 620
257 694
254 689
253 673
251 665
251 654
245 609
243 578
241 569
241 560
239 554
624 519
627 522
627 523
631 527
631 528
636 533
636 534
641 539
641 540
645 544
645 545
649 549
649 550
651 552
651 554
650 555
649 555
648 554
642 554
641 553
630 553
629 552
624 552
623 551
621 551
619 549
619 548
620 547
620 534
621 533
621 523
622 522
622 521
150 519
147 523
147 524
145 526
145 527
143 529
139 537
133 545
132 548
128 553
127 556
125 558
123 562
120 564
118 563
115 563
114 562
112 562
111 561
109 561
105 559
102 559
98 557
95 557
92 555
89 555
86 553
83 553
80 551
83 548
99 540
101 540
103 538
105 538
118 531
120 531
124 528
126 528
139 521
141 521
146 518
149 518
366 509
387 552
387 554
393 565
393 567
399 578
399 580
401 582
401 584
407 595
407 598
402 601
388 603
384 605
380 605
348 613
339 614
337 612
338 611
338 607
340 604
340 600
342 596
344 584
346 581
346 577
348 574
348 570
352 558
352 554
354 551
354 547
358 535
358 531
360 528
362 516
364 510
360 505
353 531
353 535
351 538
351 542
347 554
347 558
345 561
343 573
339 584
335 604
331 612
329 612
243 542
246 539
330 513
336 510
349 507
355 504
128 563
170 496
172 494
175 494
225 534
234 543
234 552
236 559
236 568
237 569
237 578
238 580
236 582
222 581
217 579
197 577
191 575
183 575
178 573
158 571
152 569
144 569
138 567
132 567
532 525
534 522
535 522
561 498
562 498
578 483
587 476
591 478
617 511
617 523
616 524
616 533
615 534
615 547
613 549
610 549
606 547
603 547
599 545
589 543
586 541
582 541
579 539
572 538
555 532
548 531
545 529
542 529
598 476
599 476
600 475
610 475
611 476
612 476
614 478
614 482
615 483
615 493
616 494
616 496
614 498
610 494
610 493
605 488
605 487
600 482
600 481
598 479
598 478
597 477
355 499
237 537
180 491
182 489
295 467
353 496
628 454
630 457
631 463
633 466
633 468
636 475
636 478
637 479
637 481
638 482
638 484
639 485
639 487
643 497
643 500
645 503
645 506
647 509
647 512
648 513
648 515
649 516
649 518
650 519
650 521
654 531
654 534
655 535
655 537
659 547
659 551
658 552
657 550
656 550
650 543
646 537
641 532
638 527
627 515
622 507
621 494
620 493
620 484
619 483
618 474
622 466
624 459
564 436
565 435
570 435
571 436
573 436
574 437
580 437
581 438
584 438
585 439
591 439
592 440
595 440
596 441
601 441
602 442
605 442
606 443
611 443
612 444
615 444
616 445
621 445
624 448
623 449
623 451
621 454
621 456
619 458
619 460
617 463
617 465
615 467
615 469
614 470
611 470
610 471
606 471
605 470
603 470
602 471
601 471
600 470
595 470
594 471
593 470
591 470
588 467
588 466
578 455
578 454
574 450
574 449
570 445
570 444
569 444
568 443
568 442
565 439
462 422
520 521
521 526
418 593
417 590
447 475
459 424
454 419
454 427
432 509
413 588
410 589
376 519
368 499
446 425
446 418
365 495
362 495
355 492
353 490
307 468
304 465
311 461
326 457
334 453
337 453
346 449
349 449
352 447
355 447
358 445
385 437
399 431
402 431
411 427
438 419
441 417
463 410
465 408
473 409
476 411
494 415
504 419
508 419
511 421
515 421
525 425
537 427
552 432
583 469
583 472
528 521
526 521
511 497
473 429
469 424
463 413
353 390
351 392
351 393
347 397
347 398
342 403
342 404
337 409
337 410
333 414
333 415
329 419
329 420
325 424
325 425
322 428
321 428
320 429
318 429
317 428
306 428
305 427
299 427
298 426
289 426
288 425
285 425
284 424
287 421
289 421
291 419
308 411
310 409
312 409
314 407
316 407
318 405
331 399
333 397
335 397
337 395
339 395
341 393
342 393
349 389
352 389
454 406
451 409
410 422
402 426
357 440
331 450
328 450
313 456
307 455
367 381
376 382
447 403
451 403
370 356
370 357
369 358
369 361
368 362
368 365
367 366
367 369
366 370
366 371
364 373
358 373
357 372
355 372
354 371
350 371
349 370
347 370
346 369
343 369
342 368
340 368
339 367
335 367
334 366
332 366
331 365
327 365
326 364
324 364
323 363
320 363
319 362
317 362
316 361
312 361
311 360
311 358
312 357
319 357
320 356
334 356
335 355
344 355
345 354
364 354
365 353
368 353
384 305
383 307
383 311
381 314
381 318
379 322
379 325
377 329
377 332
375 336
375 340
374 341
374 343
371 346
357 339
355 337
346 333
344 331
342 331
340 329
331 325
329 323
327 323
325 321
323 321
321 319
318 318
316 316
317 314
319 314
320 313
323 313
324 312
331 312
332 311
335 311
336 310
342 310
343 309
348 309
349 308
355 308
356 307
360 307
361 306
367 306
368 305
371 305
372 304
378 304
379 303
382 303
501 280
505 286
512 307
543 385
551 423
549 426
466 402
469 386
471 383
483 338
485 335
485 331
491 314
495 296
638 254
638 255
631 262
631 263
616 278
616 279
614 280
614 281
610 285
607 285
597 280
595 280
592 278
590 278
583 274
581 274
578 272
576 272
573 270
571 270
564 266
562 266
560 263
561 262
565 262
566 261
573 261
574 260
582 260
583 259
590 259
591 258
598 258
599 257
606 257
607 256
613 256
614 255
620 255
621 254
629 254
630 253
637 253
398 255
398 257
397 258
397 260
395 264
395 267
393 271
393 275
391 279
391 282
389 285
389 289
386 295
383 295
380 293
378 293
375 291
373 291
370 289
368 289
365 287
363 287
360 285
358 285
348 280
343 279
340 277
338 277
333 274
328 273
325 271
328 268
330 268
331 267
340 266
341 265
344 265
345 264
348 264
349 263
353 263
354 262
357 262
358 261
361 261
362 260
366 260
367 259
370 259
371 258
374 258
375 257
379 257
380 256
383 256
384 255
387 255
388 254
392 254
393 253
396 253
416 215
498 271
466 383
459 400
373 377
370 374
413 218
410 212
409 214
409 217
407 221
407 224
405 228
405 232
404 233
404 235
403 236
402 241
400 244
398 244
395 242
393 242
390 240
388 240
381 236
379 236
377 234
375 234
368 230
366 230
363 228
361 228
359 226
357 226
350 222
348 222
342 219
340 217
341 215
343 215
347 213
350 213
353 211
357 211
361 209
365 209
369 207
372 207
375 205
380 205
383 203
387 203
388 202
391 202
392 201
394 201
396 203
401 205
403 207
407 209
541 169
544 168
564 187
634 241
638 245
638 247
637 248
614 250
608 252
598 252
591 254
567 256
560 258
549 258
548 257
548 249
547 248
546 223
544 215
544 202
543 201
399 166
400 165
405 165
406 166
411 167
414 169
417 169
420 171
422 171
423 172
425 172
426 173
428 173
429 174
434 175
437 177
440 177
441 178
446 179
449 181
452 181
453 182
454 182
455 183
457 183
462 186
460 188
459 188
456 190
454 190
451 192
449 192
446 194
444 194
441 196
439 196
436 198
434 198
431 200
429 200
427 202
422 203
421 204
420 204
419 205
417 205
416 206
413 204
413 202
412 201
411 196
409 193
409 191
407 188
406 183
404 180
403 175
401 172
401 170
400 169
400 167
543 258
537 261
514 264
508 266
501 266
426 216
421 210
430 205
472 189
479 185
521 169
533 163
536 166
352 168
353 167
358 167
359 166
365 166
366 165
373 165
374 164
379 164
380 163
386 163
387 162
390 162
391 163
392 163
394 166
394 168
395 169
395 171
398 176
398 178
399 179
399 181
401 184
401 186
402 187
402 189
405 194
405 197
407 200
406 201
403 201
402 200
401 200
396 196
395 196
394 195
391 194
389 192
384 190
379 186
374 184
369 180
364 178
359 174
356 173
354 171
353 171
352 170
438 132
440 130
441 131
443 131
453 135
459 136
462 138
465 138
472 141
475 141
481 144
487 145
490 147
497 148
500 150
506 151
509 153
512 153
513 154
524 157
526 160
522 163
520 163
517 165
510 167
500 172
495 173
483 179
481 179
475 182
473 182
463 169
453 153
447 146
446 143
443 140
1606
0 1
1 2
2 3
3 4
4 5
5 6
6 7
7 8
8 9
9 10
10 11
11 12
12 13
13 14
14 15
15 16
16 17
17 18
18 19
19 20
20 21
21 22
22 23
23 24
24 25
25 26
26 27
27 28
28 29
29 30
30 31
31 32
32 33
33 34
34 35
35 36
36 37
37 38
38 39
39 40
40 41
41 42
42 43
43 44
44 45
45 46
46 47
47 48
48 49
49 50
50 51
51 52
53 54
54 55
55 56
56 57
57 58
58 59
59 60
60 61
61 62
62 63
63 64
64 65
65 66
66 67
67 68
68 69
69 70
70 71
71 72
72 73
73 74
74 75
75 76
76 77
77 78
78 79
79 80
80 81
81 82
82 83
83 84
84 85
85 86
86 87
87 88
88 89
89 90
90 91
91 92
92 93
93 94
94 95
96 97
97 98
98 99
99 100
100 101
101 102
102 103
103 104
104 105
105 106
106 107
107 108
108 109
109 110
110 111
111 112
112 113
113 114
114 115
115 116
116 117
117 118
118 119
119 120
120 121
121 122
122 123
123 124
124 125
125 126
126 127
127 128
128 129
129 130
130 131
131 132
133 134
134 135
135 136
136 137
137 138
138 139
139 140
140 141
141 142
142 143
143 144
144 145
145 146
146 147
147 148
148 149
149 150
150 151
151 152
152 153
153 154
154 155
155 156
156 157
157 158
158 159
159 160
161 162
162 163
163 164
164 165
165 166
166 167
167 168
168 169
169 170
170 171
171 172
172 173
173 174
174 175
175 176
176 177
177 178
178 179
179 180
180 181
181 182
182 183
183 184
184 185
185 186
186 187
187 188
188 189
189 190
190 191
191 192
192 193
193 194
194 195
195 196
196 197
197 198
198 199
199 200
200 201
201 202
202 203
204 205
205 206
206 207
207 208
208 209
209 210
210 211
211 212
212 213
213 214
214 215
215 216
216 217
217 218
218 219
219 220
220 221
221 222
222 223
223 224
224 225
225 226
226 227
227 228
228 229
229 230
230 231
231 232
232 233
233 234
234 235
235 236
236 237
237 238
238 239
239 240
240 241
241 242
242 243
243 244
244 245
245 246
246 247
247 248
248 249
250 251
251 252
252 253
253 254
254 255
255 256
256 257
257 258
258 259
259 260
260 261
261 262
262 263
263 264
264 265
265 266
266 267
267 268
268 269
269 270
271 272
272 273
273 274
274 275
275 276
276 277
277 278
278 279
279 280
280 281
281 282
282 283
283 284
284 285
285 286
286 287
287 288
288 289
289 290
290 291
291 292
292 293
293 294
294 295
295 296
296 297
297 298
298 299
299 300
300 301
301 302
302 303
303 304
304 305
305 306
306 307
307 308
308 309
309 310
310 311
312 313
313 314
314 315
315 316
316 317
317 318
318 319
319 320
320 321
321 322
322 323
323 324
324 325
325 326
326 327
327 328
328 329
329 330
330 331
331 332
332 333
333 334
334 335
335 336
336 337
337 338
338 339
339 340
340 341
341 342
342 343
343 344
344 345
345 346
347 348
348 349
349 350
350 351
351 352
352 353
353 354
354 355
355 356
356 357
357 358
358 359
359 360
360 361
361 362
362 363
363 364
364 365
365 366
366 367
367 368
368 369
369 370
370 371
371 372
372 373
373 374
374 375
375 376
376 377
377 378
378 379
380 381
381 382
382 383
383 384
384 385
385 386
386 387
387 388
388 389
389 390
390 391
391 392
392 393
393 394
394 395
395 396
396 397
397 398
398 399
399 400
400 401
401 402
402 403
403 404
404 405
405 406
406 407
407 408
408 409
409 410
410 411
412 413
413 414
414 415
415 416
416 417
417 418
418 419
419 420
420 421
421 422
422 423
423 424
424 425
425 426
426 427
427 428
428 429
429 430
430 431
431 432
432 433
433 434
434 435
435 436
436 437
437 438
439 440
440 441
441 442
442 443
443 444
444 445
445 446
446 447
447 448
448 449
449 450
450 451
451 452
452 453
453 454
454 455
455 456
456 457
457 458
458 459
459 460
460 461
461 462
462 463
463 464
464 465
465 466
466 467
467 468
468 469
469 470
470 471
471 472
472 473
473 474
474 475
475 476
476 477
477 478
478 479
479 480
480 481
481 482
482 483
483 484
484 485
485 486
486 487
487 488
488 489
489 490
490 491
491 492
492 493
493 494
494 495
495 496
496 497
497 498
499 500
500 501
501 502
502 503
503 504
504 505
505 506
506 507
507 508
508 509
509 510
510 511
511 512
512 513
513 514
514 515
515 516
516 517
517 518
518 519
519 520
520 521
521 522
523 524
524 525
525 526
526 527
527 528
528 529
529 530
530 531
531 532
532 533
533 534
534 535
535 536
536 537
538 539
539 540
540 541
541 542
542 543
543 544
544 545
545 546
546 547
547 548
548 549
549 550
550 551
551 552
552 553
553 554
554 555
555 556
556 557
557 558
558 559
559 560
560 561
561 562
562 563
563 564
564 565
565 566
566 567
567 568
568 569
569 570
570 571
571 572
572 573
573 574
574 575
575 576
576 577
577 578
578 579
579 580
580 581
581 582
582 583
583 584
584 585
585 586
586 587
588 589
589 590
590 591
591 592
592 593
593 594
594 595
595 596
596 597
597 598
598 599
599 600
600 601
601 602
602 603
603 604
604 605
605 606
606 607
607 608
608 609
609 610
610 611
611 612
613 614
614 615
615 616
616 617
617 618
618 619
619 620
620 621
621 622
622 623
623 624
624 625
625 626
626 627
627 628
628 629
629 630
630 631
631 632
632 633
633 634
634 635
635 636
636 637
637 638
638 639
639 640
640 641
641 642
642 643
643 644
644 645
646 647
647 648
648 649
649 650
650 651
651 652
652 653
653 654
654 655
655 656
656 657
657 658
658 659
659 660
660 661
661 662
662 663
663 664
664 665
665 666
666 667
667 668
668 669
669 670
670 671
671 672
672 673
673 674
674 675
675 676
676 677
677 678
678 679
679 680
680 681
681 682
682 683
683 684
684 685
685 686
686 687
687 688
688 689
689 690
690 691
691 692
692 693
693 694
694 695
696 697
697 698
698 699
699 700
700 701
701 702
702 703
703 704
704 705
705 706
706 707
707 708
708 709
709 710
710 711
711 712
712 713
713 714
714 715
715 716
716 717
717 718
718 719
719 720
720 721
721 722
722 723
723 724
724 725
725 726
726 727
727 728
728 729
729 730
730 731
731 732
732 733
733 734
734 735
735 736
736 737
737 738
738 739
739 740
740 741
741 742
742 743
743 744
744 745
745 746
746 747
747 748
748 749
750 751
751 752
752 753
753 754
754 755
755 756
756 757
757 758
758 759
759 760
760 761
761 762
762 763
764 765
765 766
766 767
767 768
768 769
769 770
770 771
771 772
772 773
773 774
774 775
775 776
776 777
777 778
778 779
779 780
780 781
781 782
782 783
783 784
784 785
785 786
786 787
787 788
788 789
789 790
790 791
791 792
792 793
793 794
794 795
795 796
797 798
798 799
799 800
800 801
801 802
802 803
803 804
804 805
805 806
806 807
807 808
808 809
809 810
810 811
811 812
812 813
813 814
814 815
815 816
816 817
817 818
818 819
819 820
820 821
821 822
822 823
823 824
824 825
825 826
826 827
827 828
828 829
829 830
830 831
831 832
832 833
833 834
834 835
835 836
836 837
837 838
839 840
840 841
841 842
842 843
843 844
844 845
845 846
846 847
847 848
848 849
849 850
850 851
851 852
852 853
853 854
854 855
855 856
856 857
857 858
858 859
859 860
860 861
861 862
862 863
863 864
864 865
865 866
866 867
867 868
868 869
869 870
870 871
871 872
872 873
873 874
874 875
876 877
877 878
878 879
879 880
880 881
881 882
882 883
883 884
884 885
885 886
886 887
887 888
888 889
889 890
890 891
891 892
892 893
893 894
895 896
896 897
897 898
898 899
899 900
900 901
901 902
902 903
903 904
904 905
905 906
906 907
907 908
908 909
909 910
910 911
911 912
912 913
913 914
914 915
915 916
916 917
917 918
919 920
920 921
921 922
922 923
923 924
924 925
925 926
926 927
927 928
928 929
929 930
930 931
931 932
932 933
933 934
934 935
935 936
936 937
937 938
938 939
939 940
940 941
941 942
942 943
943 944
944 945
945 946
947 948
948 949
949 950
950 951
951 952
952 953
953 954
954 955
955 956
956 957
957 958
958 959
959 960
960 961
961 962
962 963
963 964
964 965
965 966
966 967
967 968
969 970
970 971
971 972
972 973
973 974
975 976
976 977
977 978
978 979
979 980
980 981
981 982
982 983
983 984
984 985
985 986
986 987
987 988
988 989
989 990
990 991
991 992
992 993
993 994
994 995
995 996
996 997
997 998
998 999
999 1000
1000 1001
1001 1002
1002 1003
1003 1004
1004 1005
1005 1006
1006 1007
1007 1008
1008 1009
1009 1010
1010 1011
1011 1012
1012 1013
1013 1014
1014 1015
1015 1016
1016 1017
1017 1018
1018 1019
1019 1020
1020 1021
1022 1023
1023 1024
1024 1025
1025 1026
1026 1027
1027 1028
1028 1029
1029 1030
1030 1031
1031 1032
1032 1033
1033 1034
1034 1035
1035 1036
1036 1037
1037 1038
1038 1039
1039 1040
1040 1041
1041 1042
1042 1043
1043 1044
1044 1045
1045 1046
1046 1047
1047 1048
1048 1049
1049 1050
1050 1051
1051 1052
1052 1053
1053 1054
1054 1055
1055 1056
1056 1057
1057 1058
1058 1059
1059 1060
1060 1061
1061 1062
1062 1063
1063 1064
1064 1065
1065 1066
1066 1067
1067 1068
1068 1069
1069 1070
1070 1071
1071 1072
1072 1073
1073 1074
1074 1075
1075 1076
1076 1077
1077 1078
1078 1079
1079 1080
1081 1082
1082 1083
1083 1084
1084 1085
1085 1086
1086 1087
1088 1089
1089 1090
1090 1091
1091 1092
1092 1093
1093 1094
1094 1095
1096 1097
1097 1098
1098 1099
1099 1100
1100 1101
1101 1102
1102 1103
1103 1104
1104 1105
1105 1106
1106 1107
1107 1108
1108 1109
1109 1110
1110 1111
1111 1112
1112 1113
1113 1114
1114 1115
1115 1116
1116 1117
1118 1119
1119 1120
1120 1121
1121 1122
1122 1123
1123 1124
1124 1125
1125 1126
1126 1127
1127 1128
1128 1129
1129 1130
1130 1131
1131 1132
1132 1133
1133 1134
1134 1135
1135 1136
1136 1137
1138 1139
1139 1140
1140 1141
1141 1142
1142 1143
1143 1144
1144 1145
1145 1146
1146 1147
1147 1148
1148 1149
1149 1150
1150 1151
1151 1152
1152 1153
1153 1154
1154 1155
1155 1156
1156 1157
1157 1158
1158 1159
1159 1160
1160 1161
1161 1162
1162 1163
1163 1164
1164 1165
1165 1166
1166 1167
1167 1168
1168 1169
1169 1170
1170 1171
1171 1172
1172 1173
1173 1174
1174 1175
1175 1176
1176 1177
1177 1178
1178 1179
1179 1180
1180 1181
1181 1182
1182 1183
1184 1185
1185 1186
1186 1187
1187 1188
1188 1189
1189 1190
1190 1191
1191 1192
1192 1193
1193 1194
1194 1195
1195 1196
1197 1198
1198 1199
1199 1200
1200 1201
1201 1202
1202 1203
1203 1204
1204 1205
1205 1206
1206 1207
1207 1208
1208 1209
1209 1210
1210 1211
1211 1212
1212 1213
1213 1214
1214 1215
1215 1216
1216 1217
1217 1218
1218 1219
1219 1220
1220 1221
1221 1222
1222 1223
1223 1224
1224 1225
1225 1226
1226 1227
1227 1228
1228 1229
1229 1230
1230 1231
1231 1232
1232 1233
1233 1234
1234 1235
1235 1236
1236 1237
1237 1238
1238 1239
1239 1240
1240 1241
1241 1242
1242 1243
1243 1244
1245 1246
1246 1247
1247 1248
1248 1249
1249 1250
1250 1251
1251 1252
1252 1253
1253 1254
1254 1255
1255 1256
1256 1257
1257 1258
1258 1259
1259 1260
1260 1261
1261 1262
1262 1263
1263 1264
1264 1265
1265 1266
1266 1267
1267 1268
1268 1269
1269 1270
1270 1271
1271 1272
1272 1273
1273 1274
1274 1275
1275 1276
1276 1277
1277 1278
1278 1279
1279 1280
1280 1281
1281 1282
1282 1283
1283 1284
1284 1285
1285 1286
1286 1287
1287 1288
1288 1289
1289 1290
1290 1291
1291 1292
1292 1293
1293 1294
1294 1295
1295 1296
1297 1298
1298 1299
1299 1300
1300 1301
1301 1302
1302 1303
1303 1304
1304 1305
1305 1306
1306 1307
1307 1308
1308 1309
1309 1310
1311 1312
1312 1313
1313 1314
1314 1315
1315 1316
1316 1317
1317 1318
1318 1319
1319 1320
1320 1321
1321 1322
1322 1323
1323 1324
1324 1325
1325 1326
1326 1327
1327 1328
1328 1329
1329 1330
1330 1331
1331 1332
1332 1333
1333 1334
1334 1335
1335 1336
1336 1337
1337 1338
1338 1339
1339 1340
1340 1341
1341 1342
1342 1343
1343 1344
1344 1345
1345 1346
1346 1347
1347 1348
1348 1349
1349 1350
1350 1351
1351 1352
1352 1353
1354 1355
1355 1356
1356 1357
1357 1358
1358 1359
1359 1360
1360 1361
1361 1362
1362 1363
1363 1364
1364 1365
1365 1366
1366 1367
1367 1368
1368 1369
1369 1370
1370 1371
1371 1372
1372 1373
1373 1374
1374 1375
1375 1376
1376 1377
1377 1378
1378 1379
1379 1380
1380 1381
1381 1382
1382 1383
1383 1384
1384 1385
1385 1386
1386 1387
1387 1388
1388 1389
1389 1390
1390 1391
1391 1392
1392 1393
1393 1394
1394 1395
1395 1396
1396 1397
1397 1398
1398 1399
1399 1400
1400 1401
1401 1402
1402 1403
1403 1404
1404 1405
1405 1406
1406 1407
1407 1408
1408 1409
1409 1410
1410 1411
1411 1412
1412 1413
1413 1414
1415 1416
1416 1417
1417 1418
1418 1419
1419 1420
1420 1421
1422 1423
1423 1424
1424 1425
1425 1426
1426 1427
1427 1428
1428 1429
1429 1430
1430 1431
1431 1432
1432 1433
1433 1434
1434 1435
1435 1436
1436 1437
1437 1438
1438 1439
1439 1440
1440 1441
1441 1442
1442 1443
1443 1444
1444 1445
1445 1446
1446 1447
1447 1448
1448 1449
1449 1450
1450 1451
1451 1452
1452 1453
1453 1454
1454 1455
1455 1456
1456 1457
1457 1458
1458 1459
1459 1460
1460 1461
1461 1462
1462 1463
1463 1464
1464 1465
1465 1466
1466 1467
1467 1468
1468 1469
1469 1470
1470 1471
1471 1472
1472 1473
1473 1474
1475 1476
1476 1477
1477 1478
1478 1479
1479 1480
1480 1481
1481 1482
1482 1483
1483 1484
1484 1485
1485 1486
1486 1487
1487 1488
1488 1489
1489 1490
1490 1491
1491 1492
1492 1493
1493 1494
1494 1495
1496 1497
1497 1498
1498 1499
1499 1500
1500 1501
1501 1502
1502 1503
1503 1504
1504 1505
1505 1506
1506 1507
1507 1508
1508 1509
1509 1510
1510 1511
1511 1512
1512 1513
1513 1514
1514 1515
1515 1516
1516 1517
1517 1518
1518 1519
1519 1520
1520 1521
1521 1522
1522 1523
1523 1524
1524 1525
1525 1526
1526 1527
1527 1528
1528 1529
1529 1530
1530 1531
1531 1532
1532 1533
1533 1534
1534 1535
1535 1536
1536 1537
1537 1538
1538 1539
1539 1540
1540 1541
1541 1542
1542 1543
1543 1544
1544 1545
1545 1546
1546 1547
1547 1548
1548 1549
1549 1550
1550 1551
1551 1552
1552 1553
1553 1554
1554 1555
1555 1556
1557 1558
1558 1559
1559 1560
1560 1561
1561 1562
1562 1563
1563 1564
1564 1565
1565 1566
1566 1567
1567 1568
1568 1569
1570 1571
1571 1572
1572 1573
1573 1574
1574 1575
1575 1576
1576 1577
1577 1578
1578 1579
1579 1580
1580 1581
1581 1582
1582 1583
1583 1584
1584 1585
1585 1586
1586 1587
1587 1588
1588 1589
1589 1590
1590 1591
1591 1592
1592 1593
1593 1594
1594 1595
1595 1596
1596 1597
1597 1598
1598 1599
1599 1600
1600 1601
1601 1602
1602 1603
1603 1604
1604 1605
1605 1606
1606 1607
1607 1608
1608 1609
1609 1610
1610 1611
1611 1612
1612 1613
1613 1614
1614 1615
1615 1616
1616 1617
1617 1618
1619 1620
1620 1621
1621 1622
1622 1623
1623 1624
1624 1625
1625 1626
1626 1627
1627 1628
1628 1629
1629 1630
1630 1631
1631 1632
1632 1633
1633 1634
1634 1635
1635 1636
1636 1637
1637 1638
1638 1639
1639 1640
1640 1641
1641 1642
1642 1643
1643 1644
1644 1645
1645 1646
1646 1647
1647 1648
1648 1649
1649 1650
1650 1651
1651 1652
1652 1653
1653 1654
