148
838 14
782 25
745 71
719 156
629 232
561 208
274 257
200 249
89 211
113 253
83 286
66 352
106 378
155 367
181 377
152 446
60 542
29 554
24 584
87 584
282 441
316 444
358 538
334 583
408 583
398 444
568 449
608 507
580 544
548 553
540 584
606 584
683 511
667 442
770 473
806 530
805 559
836 577
854 519
813 417
756 374
702 267
775 177
799 76
328 443
385 444
387 446
398 567
397 573
346 572
349 561
353 557
369 549
372 546
327 446
711 308
748 380
805 423
844 520
830 562
816 555
816 527
777 465
672 432
717 346
710 313
269 267
188 368
162 357
108 368
78 348
88 323
93 288
119 261
136 286
197 258
266 265
343 257
315 404
84 574
37 574
38 561
66 550
163 448
175 399
290 258
112 231
113 230
117 230
123 233
125 233
126 234
128 234
129 235
134 236
137 238
139 238
140 239
143 239
149 242
151 242
152 243
157 244
160 246
163 246
169 249
171 249
172 250
174 250
175 251
180 252
182 254
173 259
171 259
156 267
154 267
140 274
137 271
136 268
132 263
131 260
127 255
126 252
124 250
124 249
120 244
119 241
115 236
114 233
573 221
690 268
707 341
656 442
673 507
602 574
553 573
558 559
587 552
620 507
546 400
562 219
535 401
560 436
559 439
296 431
324 409
353 262
357 256
140
0 1
1 2
2 3
3 4
4 5
5 6
6 7
7 8
8 9
9 10
10 11
11 12
12 13
13 14
14 15
15 16
16 17
17 18
18 19
19 20
20 21
21 22
22 23
23 24
24 25
25 26
26 27
27 28
28 29
29 30
30 31
31 32
32 33
33 34
34 35
35 36
36 37
37 38
38 39
39 40
40 41
41 42
42 43
44 45
45 46
46 47
47 48
48 49
49 50
50 51
51 52
52 53
53 54
55 56
56 57
57 58
58 59
59 60
60 61
61 62
62 63
63 64
64 65
66 67
67 68
68 69
69 70
70 71
71 72
72 73
73 74
74 75
75 76
77 78
78 79
79 80
80 81
81 82
82 83
83 84
84 85
86 87
87 88
88 89
89 90
90 91
91 92
92 93
93 94
94 95
95 96
96 97
97 98
98 99
99 100
100 101
101 102
102 103
103 104
104 105
105 106
106 107
107 108
108 109
109 110
110 111
111 112
112 113
113 114
114 115
115 116
116 117
117 118
118 119
119 120
120 121
121 122
122 123
123 124
124 125
125 126
126 127
127 128
129 130
130 131
131 132
132 133
133 134
134 135
135 136
136 137
137 138
138 139
140 141
141 142
142 143
143 144
144 145
145 146
146 147
