 334
12 131
32 171
24 247
5 299
35 316
76 297
99 302
68 407
31 437
34 444
140 446
222 316
255 343
285 409
256 437
258 446
364 443
378 319
399 326
431 409
406 444
507 446
537 366
636 404
672 439
675 330
638 228
515 65
218 19
67 132
436 430
439 427
440 427
441 426
446 426
447 427
448 427
449 428
450 428
451 429
452 429
453 430
453 433
451 435
438 435
436 433
287 430
289 428
290 428
291 427
292 427
293 426
294 426
295 425
301 425
302 426
303 426
305 428
306 428
307 429
308 429
309 430
309 433
307 435
289 435
288 434
288 433
287 432
68 426
71 423
73 423
74 422
75 422
76 423
78 423
79 424
80 424
81 425
82 425
83 426
83 429
81 431
71 431
68 428
657 382
660 382
662 384
662 405
660 407
657 407
655 405
655 404
653 402
653 401
652 400
652 399
651 398
651 394
652 393
652 391
653 390
653 389
654 388
654 387
655 386
655 385
656 384
656 383
415 321
446 320
453 323
501 323
506 326
516 336
519 342
525 348
526 354
523 359
522 367
515 385
514 394
509 403
505 415
505 421
503 427
500 431
497 432
492 429
474 424
464 418
451 414
444 407
435 382
428 368
419 340
414 331
412 325
167 268
178 275
188 286
202 296
209 303
210 308
184 348
177 363
163 383
159 392
148 407
139 425
133 432
128 432
103 419
86 413
82 409
84 396
116 294
120 289
161 268
39 249
44 249
45 250
48 251
55 257
55 258
58 261
58 262
60 264
60 265
64 270
65 273
67 275
67 278
65 281
61 281
60 282
58 282
57 283
55 283
54 284
41 284
40 285
38 285
37 286
35 286
34 287
29 287
26 284
25 281
26 280
26 278
27 277
27 275
28 274
28 271
29 270
29 268
30 267
30 265
31 264
31 262
32 261
32 260
34 257
34 255
35 254
35 253
44 175
49 172
61 178
70 180
78 185
96 190
111 198
120 201
124 205
135 223
142 230
146 239
156 252
155 255
152 258
108 280
100 282
95 285
89 284
78 269
74 260
60 242
46 235
36 232
33 229
33 225
35 221
35 213
38 206
38 196
41 189
41 183
91 161
94 161
96 163
96 164
98 166
98 167
99 168
99 169
101 171
101 172
102 173
102 174
103 175
103 178
102 179
101 178
99 178
98 177
96 177
95 176
93 176
92 175
91 175
87 171
87 170
86 169
86 168
87 167
87 166
88 165
88 164
41 143
43 143
45 145
45 148
44 149
40 149
39 148
39 145
83 142
83 146
82 147
82 148
81 149
81 150
79 152
79 153
78 154
78 155
77 156
77 157
76 158
76 159
75 160
75 161
71 165
65 165
64 164
63 164
62 163
60 163
57 160
57 158
61 154
62 154
71 145
72 145
74 143
75 143
77 141
78 141
79 140
80 140
81 141
82 141
515 90
522 93
626 234
662 330
662 340
644 379
636 389
559 362
548 355
462 251
505 114
215 37
222 41
364 286
355 421
348 430
298 408
263 332
173 254
90 135
96 126
320
0 1
1 2
2 3
3 4
4 5
5 6
6 7
7 8
8 9
9 10
10 11
11 12
12 13
13 14
14 15
15 16
16 17
17 18
18 19
19 20
20 21
21 22
22 23
23 24
24 25
25 26
26 27
27 28
28 29
30 31
31 32
32 33
33 34
34 35
35 36
36 37
37 38
38 39
39 40
40 41
41 42
42 43
43 44
44 45
46 47
47 48
48 49
49 50
50 51
51 52
52 53
53 54
54 55
55 56
56 57
57 58
58 59
59 60
60 61
61 62
62 63
63 64
64 65
65 66
66 67
68 69
69 70
70 71
71 72
72 73
73 74
74 75
75 76
76 77
77 78
78 79
79 80
80 81
81 82
82 83
84 85
85 86
86 87
87 88
88 89
89 90
90 91
91 92
92 93
93 94
94 95
95 96
96 97
97 98
98 99
99 100
100 101
101 102
102 103
103 104
104 105
105 106
106 107
108 109
109 110
110 111
111 112
112 113
113 114
114 115
115 116
116 117
117 118
118 119
119 120
120 121
121 122
122 123
123 124
124 125
125 126
126 127
127 128
128 129
129 130
130 131
131 132
132 133
133 134
134 135
135 136
137 138
138 139
139 140
140 141
141 142
142 143
143 144
144 145
145 146
146 147
147 148
148 149
149 150
150 151
151 152
152 153
153 154
154 155
155 156
156 157
158 159
159 160
160 161
161 162
162 163
163 164
164 165
165 166
166 167
167 168
168 169
169 170
170 171
171 172
172 173
173 174
174 175
175 176
176 177
177 178
178 179
179 180
180 181
181 182
182 183
183 184
184 185
185 186
186 187
187 188
188 189
189 190
190 191
191 192
192 193
193 194
194 195
195 196
196 197
197 198
198 199
199 200
200 201
201 202
202 203
203 204
204 205
206 207
207 208
208 209
209 210
210 211
211 212
212 213
213 214
214 215
215 216
216 217
217 218
218 219
219 220
220 221
221 222
222 223
223 224
224 225
225 226
226 227
227 228
228 229
229 230
230 231
231 232
232 233
233 234
234 235
235 236
236 237
238 239
239 240
240 241
241 242
242 243
243 244
244 245
245 246
246 247
247 248
248 249
249 250
250 251
251 252
252 253
253 254
254 255
255 256
256 257
257 258
258 259
259 260
260 261
261 262
262 263
263 264
264 265
265 266
266 267
267 268
269 270
270 271
271 272
272 273
273 274
274 275
275 276
277 278
278 279
279 280
280 281
281 282
282 283
283 284
284 285
285 286
286 287
287 288
288 289
289 290
290 291
291 292
292 293
293 294
294 295
295 296
296 297
297 298
298 299
299 300
300 301
301 302
302 303
303 304
304 305
305 306
306 307
307 308
308 309
309 310
310 311
311 312
313 314
314 315
315 316
316 317
317 318
318 319
319 320
320 321
321 322
322 323
324 325
325 326
326 327
327 328
328 329
329 330
330 331
331 332
332 333
