175
898 30
700 87
526 211
324 200
254 179
55 274
55 322
15 357
62 612
81 623
72 339
94 333
132 488
113 606
156 801
201 798
176 641
274 444
552 496
589 622
603 795
650 798
674 506
731 402
733 314
801 227
919 302
967 270
898 85
137 628
140 628
151 636
160 645
165 679
167 685
172 722
174 728
175 740
182 777
182 782
178 786
171 786
165 779
141 660
139 655
138 645
135 636
135 630
653 542
655 548
635 781
630 786
623 786
618 782
616 772
604 622
650 542
242 454
245 456
245 460
167 619
164 622
160 622
136 605
130 597
147 499
155 492
51 347
53 347
57 350
58 398
59 399
59 437
60 438
60 465
61 466
61 485
60 486
56 486
55 485
53 469
51 464
50 453
48 448
47 437
45 432
44 421
42 416
41 405
39 400
38 389
36 384
36 378
33 367
33 360
37 355
78 281
83 286
83 289
84 290
84 293
85 294
85 297
86 298
86 302
87 303
87 304
86 305
86 306
85 307
85 308
82 311
81 311
80 312
79 312
78 313
77 313
76 314
75 314
74 313
73 313
71 311
71 297
70 296
70 288
71 287
71 286
75 282
76 282
77 281
544 247
556 255
710 401
707 411
602 590
598 590
594 582
570 491
542 254
329 218
343 216
518 226
523 231
552 472
549 478
286 430
278 425
306 211
311 219
259 426
251 432
148 476
144 472
97 274
110 265
257 196
799 85
803 94
792 207
715 308
714 373
709 376
562 238
547 220
703 104
823 84
878 91
884 96
946 259
946 265
924 282
916 281
809 209
808 194
819 88
164
0 1
1 2
2 3
3 4
4 5
5 6
6 7
7 8
8 9
9 10
10 11
11 12
12 13
13 14
14 15
15 16
16 17
17 18
18 19
19 20
20 21
21 22
22 23
23 24
24 25
25 26
26 27
27 28
29 30
30 31
31 32
32 33
33 34
34 35
35 36
36 37
37 38
38 39
39 40
40 41
41 42
42 43
43 44
44 45
45 46
46 47
48 49
49 50
50 51
51 52
52 53
53 54
54 55
55 56
57 58
58 59
59 60
60 61
61 62
62 63
63 64
64 65
65 66
67 68
68 69
69 70
70 71
71 72
72 73
73 74
74 75
75 76
76 77
77 78
78 79
79 80
80 81
81 82
82 83
83 84
84 85
85 86
86 87
87 88
88 89
89 90
90 91
91 92
92 93
93 94
94 95
96 97
97 98
98 99
99 100
100 101
101 102
102 103
103 104
104 105
105 106
106 107
107 108
108 109
109 110
110 111
111 112
112 113
113 114
114 115
115 116
116 117
117 118
118 119
119 120
120 121
121 122
122 123
123 124
124 125
125 126
126 127
127 128
128 129
130 131
131 132
132 133
133 134
134 135
135 136
136 137
137 138
139 140
140 141
141 142
142 143
143 144
144 145
145 146
147 148
148 149
149 150
150 151
151 152
152 153
153 154
154 155
156 157
157 158
158 159
159 160
160 161
161 162
162 163
163 164
165 166
166 167
167 168
168 169
169 170
170 171
171 172
172 173
173 174
