2185
169 32
167 34
167 39
166 40
166 53
165 54
165 69
164 70
164 77
163 78
163 83
162 84
162 89
161 90
161 96
160 97
160 113
159 114
159 121
158 122
158 133
157 134
157 151
156 152
156 162
155 163
155 180
154 181
154 191
153 192
153 200
152 201
152 218
151 219
151 223
150 224
150 228
149 229
149 235
148 236
148 248
147 249
147 260
146 261
146 271
145 272
145 289
144 290
144 300
143 301
143 307
142 308
142 310
141 311
141 312
140 313
139 313
138 314
137 314
136 315
130 315
129 316
126 316
125 317
123 317
122 318
113 318
112 319
108 319
107 320
103 320
102 321
101 321
100 322
100 325
101 326
102 326
103 327
104 327
105 326
108 326
109 325
110 325
112 323
115 323
116 322
122 322
123 321
125 321
126 320
138 320
139 321
139 322
137 324
136 324
134 326
132 326
131 327
128 327
127 328
126 328
125 329
119 329
118 330
114 330
113 331
111 331
110 332
109 332
106 335
106 337
107 338
111 338
112 337
113 337
115 335
117 335
118 334
122 334
123 333
124 333
125 332
130 332
131 331
138 331
139 332
136 335
136 336
135 337
134 337
132 339
129 339
128 340
127 340
126 341
124 341
123 342
121 342
120 343
118 343
117 344
114 344
113 345
112 345
108 349
106 349
105 350
104 350
104 353
109 353
110 352
111 352
112 351
116 351
117 350
119 350
120 349
122 349
123 348
124 348
127 345
128 345
129 344
133 344
134 343
136 343
138 345
138 359
137 360
137 371
136 372
136 386
135 387
135 399
134 400
134 412
133 413
133 430
132 431
132 440
131 441
131 458
130 459
130 467
129 468
129 471
128 472
128 475
125 478
123 478
122 477
119 477
118 476
114 476
113 475
111 475
110 474
107 474
106 473
95 473
94 474
91 474
90 475
88 475
87 476
84 476
83 477
79 477
78 478
77 478
76 479
73 479
72 480
70 480
69 481
68 481
67 482
65 482
62 485
61 485
61 486
60 487
59 487
59 488
58 489
57 489
56 490
55 490
52 493
51 493
49 495
48 495
44 499
44 500
42 502
42 503
40 505
40 506
38 508
38 509
32 515
32 516
31 517
31 518
30 519
30 522
29 523
29 524
28 525
28 526
27 527
27 529
26 530
26 531
25 532
25 533
23 535
23 536
22 537
22 541
21 542
21 543
22 544
22 546
23 547
24 547
28 551
29 551
31 553
32 553
34 555
36 555
37 556
40 556
41 557
43 557
44 558
48 558
49 559
62 559
63 560
70 560
71 561
92 561
93 562
116 562
117 561
147 561
148 560
178 560
179 561
182 561
183 562
187 562
188 563
191 563
192 564
198 564
199 565
203 565
204 566
207 566
208 567
212 567
213 568
245 568
246 567
252 567
253 566
256 566
257 565
260 565
261 564
267 564
268 563
271 563
272 562
279 562
280 563
283 563
284 564
290 564
291 565
294 565
295 566
297 566
298 567
305 567
306 568
338 568
339 567
342 567
343 566
345 566
346 565
351 565
352 564
360 564
361 563
363 563
364 562
367 562
368 561
372 561
373 560
410 560
411 561
443 561
444 562
456 562
457 561
485 561
486 560
493 560
494 559
504 559
505 558
508 558
509 557
513 557
514 556
515 556
519 552
520 552
521 551
522 551
524 549
525 549
525 548
527 546
527 540
526 539
526 536
525 535
525 531
524 530
524 528
523 527
523 526
522 525
522 524
521 523
521 522
519 520
519 519
518 518
518 517
517 516
517 515
516 514
516 513
514 511
514 510
513 509
513 508
512 507
512 506
511 505
511 504
510 503
509 503
507 501
507 500
503 496
503 495
502 494
501 494
498 491
497 491
496 490
495 490
488 483
487 483
486 482
484 482
483 481
482 481
481 480
480 480
479 479
476 479
475 478
474 478
473 477
469 477
468 476
463 476
462 475
460 475
459 474
457 474
456 473
454 473
453 472
449 472
448 473
445 473
444 474
441 474
440 475
438 475
437 476
433 476
432 477
428 477
427 478
423 478
422 477
422 476
421 475
421 461
420 460
420 447
419 446
419 433
418 432
418 422
417 421
417 412
416 411
416 409
415 408
415 401
414 400
414 387
413 386
413 377
412 376
412 363
411 362
411 346
413 344
418 344
421 347
422 347
423 348
424 348
425 349
428 349
429 350
430 350
431 351
434 351
435 352
436 352
437 353
443 353
443 350
442 349
440 349
439 348
437 348
433 344
431 344
430 343
427 343
426 342
424 342
423 341
421 341
420 340
419 340
418 339
415 339
414 338
413 338
412 337
412 336
411 335
411 332
412 331
416 331
417 332
420 332
421 333
423 333
424 334
429 334
430 335
432 335
435 338
436 338
437 339
438 338
441 338
442 337
442 335
439 332
437 332
436 331
432 331
431 330
430 330
429 329
423 329
422 328
420 328
419 327
416 327
415 326
412 326
411 325
411 324
410 323
410 322
412 320
421 320
422 321
423 321
424 322
431 322
432 323
434 323
435 324
436 324
437 325
439 325
440 326
446 326
446 325
447 324
447 322
446 321
445 321
444 320
439 320
438 319
434 319
433 318
425 318
424 317
422 317
421 316
418 316
417 315
411 315
409 313
409 311
408 310
408 305
407 304
407 292
406 291
406 277
405 276
405 273
404 272
404 267
403 266
403 262
402 261
402 248
401 247
401 235
400 234
400 226
399 225
399 205
398 204
398 198
397 197
397 181
396 180
396 166
395 165
395 156
394 155
394 140
393 139
393 132
392 131
392 127
391 126
391 122
390 121
390 112
389 111
389 97
388 96
388 87
387 86
387 70
386 69
386 57
385 56
385 47
384 46
384 34
382 32
374 32
373 33
371 33
369 35
369 36
368 37
368 38
367 39
367 40
366 41
366 42
365 43
365 44
364 45
364 47
363 48
363 50
362 51
362 52
361 53
361 54
360 55
360 56
358 58
358 59
356 61
356 62
354 64
354 66
353 67
353 68
352 69
352 71
351 72
351 73
350 74
350 76
349 77
349 78
348 79
348 80
347 81
347 82
345 84
345 85
344 86
344 87
342 89
342 92
341 93
341 94
340 95
340 96
339 97
339 98
335 102
335 103
334 104
334 107
332 109
332 110
331 111
331 113
330 114
330 116
329 117
329 119
328 120
328 121
326 123
326 124
323 127
323 128
322 129
322 131
321 132
321 133
319 135
319 138
318 139
318 141
315 144
303 144
302 143
296 143
295 142
291 142
290 141
279 141
278 140
268 140
267 141
253 141
252 142
249 142
248 143
241 143
240 144
235 144
234 145
232 145
231 144
230 144
228 142
228 141
227 140
227 138
226 137
226 135
225 134
225 132
224 131
224 130
223 129
223 127
222 126
222 125
221 124
221 123
217 119
217 116
216 115
216 114
215 113
215 111
214 110
214 109
213 108
213 106
212 105
212 102
211 101
211 100
209 98
209 97
206 94
206 92
205 91
205 89
204 88
204 87
203 86
203 84
202 83
202 82
201 81
201 79
200 78
200 77
197 74
197 73
196 72
196 70
195 69
195 68
194 67
194 66
193 65
193 63
192 62
192 61
191 60
191 57
190 56
190 55
189 54
189 53
188 52
188 51
185 48
185 47
184 46
184 45
183 44
183 41
182 40
182 39
181 38
181 36
179 34
179 33
178 33
177 32
284 546
285 545
285 542
286 541
286 540
287 539
287 538
289 536
290 536
290 535
294 531
294 530
297 527
298 527
299 526
300 526
302 524
304 524
306 522
307 522
309 520
310 520
311 519
313 519
314 518
329 518
330 519
332 519
334 521
335 521
336 522
337 522
338 523
339 523
340 524
341 524
342 525
343 525
344 526
345 526
346 527
347 527
351 531
351 532
353 534
353 536
358 541
358 542
360 544
360 548
358 550
355 550
354 551
352 551
351 552
343 552
342 551
342 550
341 549
341 546
340 545
340 540
339 539
339 537
338 536
338 535
337 534
335 534
334 535
334 536
333 537
333 539
334 540
334 551
333 552
332 552
331 553
329 553
327 551
327 549
326 548
326 537
325 536
325 535
324 534
322 534
321 535
320 535
320 537
319 538
319 541
320 542
320 550
319 551
319 552
318 553
308 553
307 552
289 552
288 551
286 551
285 550
285 549
284 548
191 544
192 543
192 542
193 541
193 540
195 538
195 537
206 526
207 526
208 525
209 525
210 524
211 524
212 523
213 523
215 521
216 521
218 519
219 519
220 518
237 518
238 519
239 519
241 521
242 521
243 522
244 522
245 523
247 523
249 525
250 525
252 527
253 527
254 528
255 528
259 532
259 533
260 534
260 535
261 536
261 537
262 538
262 539
264 541
264 542
265 543
265 544
266 545
266 546
267 547
267 549
265 551
262 551
261 552
248 552
247 553
238 553
237 554
232 554
231 553
230 553
228 551
228 550
227 549
227 535
226 534
225 535
225 536
224 537
224 538
223 539
223 548
222 549
222 551
220 553
217 553
216 552
215 552
214 551
214 543
215 542
215 537
214 536
214 535
213 534
211 536
211 537
210 538
210 546
209 547
209 549
207 551
206 551
205 552
199 552
198 551
195 551
194 550
193 550
191 548
423 495
426 492
428 492
429 491
432 491
433 490
434 490
435 489
441 489
442 488
450 488
451 489
466 489
467 490
468 490
469 491
471 491
472 492
476 492
478 494
479 494
480 495
481 495
482 496
483 496
485 498
486 498
493 505
494 505
498 509
498 510
499 511
499 512
501 514
501 515
504 518
504 520
505 521
505 522
506 523
506 524
508 526
508 527
511 530
511 532
512 533
512 535
513 536
513 539
510 542
505 542
504 543
503 543
502 544
497 544
494 541
494 538
493 537
493 533
492 532
492 529
491 528
491 524
490 523
490 522
489 521
489 520
488 520
487 519
486 519
484 521
484 525
485 526
485 528
486 529
486 530
488 532
488 536
489 537
489 540
490 541
490 545
489 546
487 546
486 547
481 547
480 546
479 546
478 545
478 541
477 540
477 525
476 524
476 522
475 522
474 521
471 521
470 522
470 535
471 536
471 540
472 541
472 545
469 548
465 548
464 549
436 549
435 548
431 548
430 547
429 547
427 545
427 544
426 543
426 529
425 528
425 517
424 516
424 505
423 504
126 495
126 500
125 501
125 511
124 512
124 531
123 532
123 541
122 542
122 545
121 546
121 547
120 548
119 548
118 549
87 549
86 548
81 548
78 545
78 538
79 537
79 530
80 529
80 525
79 524
79 522
78 521
77 521
75 523
75 536
74 537
74 543
73 544
73 545
72 546
71 546
70 547
65 547
62 544
62 541
63 540
63 533
64 532
64 529
65 528
65 520
64 521
62 521
62 522
61 523
61 524
60 525
60 528
59 529
59 532
58 533
58 534
57 535
57 536
56 537
56 540
53 543
49 543
48 542
42 542
41 541
40 541
39 540
39 539
38 538
38 535
39 534
39 532
40 531
40 529
42 527
42 525
43 524
43 523
44 522
44 520
53 511
53 509
57 505
58 505
60 503
61 503
65 499
65 498
67 496
68 496
69 495
70 495
71 494
73 494
74 493
75 493
76 492
78 492
79 491
81 491
82 490
85 490
86 489
90 489
91 488
100 488
101 489
103 489
104 488
109 488
110 489
117 489
118 490
120 490
121 491
122 491
157 327
157 325
159 323
165 323
166 324
166 325
165 326
163 326
162 327
161 327
160 328
158 328
379 324
381 322
383 322
384 323
388 323
391 326
392 326
393 327
392 328
386 328
385 327
384 327
383 326
381 326
386 317
387 316
390 316
391 317
390 318
387 318
367 312
369 310
374 310
378 314
377 315
369 315
368 314
368 313
170 314
170 313
173 310
177 310
179 312
179 313
177 315
171 315
155 336
158 333
159 333
160 332
163 332
164 331
166 331
167 330
170 330
171 329
173 329
174 328
177 328
178 327
179 327
180 326
181 326
184 323
186 323
187 322
190 322
191 321
192 321
193 320
195 320
196 319
199 319
200 318
202 318
203 317
206 317
207 316
209 316
210 315
212 315
213 314
214 314
215 313
216 313
218 311
219 311
220 310
222 310
223 309
225 309
226 308
228 308
229 307
230 307
231 306
233 306
234 305
237 305
238 304
240 304
241 303
244 303
245 302
247 302
250 299
252 299
253 298
256 298
263 305
265 305
266 306
268 306
271 309
271 359
268 362
265 362
264 361
261 361
260 360
253 360
252 359
250 359
249 358
248 358
247 357
245 357
244 356
240 356
239 355
236 355
235 354
230 354
229 353
227 353
226 352
221 352
220 351
217 351
216 350
214 350
213 349
209 349
208 348
206 348
203 345
202 345
201 344
197 344
196 343
195 343
194 342
192 342
191 341
187 341
186 340
184 340
183 339
182 339
181 340
180 340
180 345
182 347
183 347
184 348
186 348
187 349
190 349
191 350
192 350
193 351
196 351
197 352
200 352
201 353
203 353
204 354
208 354
209 355
211 355
212 356
214 356
215 357
216 357
217 358
218 358
219 359
220 359
221 360
224 360
225 361
227 361
228 362
233 362
234 363
238 363
239 364
244 364
245 365
251 365
252 366
256 366
257 367
262 367
263 368
287 368
288 367
291 367
292 366
296 366
297 365
304 365
305 364
309 364
310 363
314 363
315 362
319 362
320 361
324 361
325 360
327 360
329 358
330 358
331 357
332 357
333 356
336 356
337 355
339 355
340 354
344 354
345 353
347 353
348 352
351 352
352 351
355 351
356 350
358 350
359 349
361 349
362 348
363 348
365 346
366 346
367 345
367 344
368 343
368 341
366 339
363 339
362 340
361 340
360 341
358 341
357 342
353 342
351 344
346 344
345 345
344 345
341 348
337 348
336 349
334 349
333 350
332 350
331 351
328 351
327 352
323 352
322 353
319 353
318 354
314 354
313 355
309 355
308 356
304 356
303 357
301 357
300 358
299 358
298 359
296 359
295 360
288 360
287 361
284 361
283 362
282 361
280 361
278 359
278 309
282 305
284 305
287 302
287 301
288 300
289 300
291 298
294 298
295 299
296 299
297 300
298 300
299 301
300 301
301 302
302 302
303 303
305 303
306 304
308 304
309 305
312 305
313 306
315 306
316 307
318 307
319 308
320 308
321 309
323 309
324 310
327 310
328 311
329 311
332 314
333 314
334 315
338 315
339 316
340 316
341 317
343 317
344 318
348 318
349 319
351 319
352 320
354 320
355 321
356 321
357 322
360 322
361 323
362 323
364 325
365 325
366 326
367 326
368 327
370 327
371 328
373 328
374 329
376 329
377 330
379 330
380 331
383 331
384 332
386 332
387 333
389 333
390 334
392 334
393 335
394 335
396 337
396 338
397 339
397 350
398 351
398 361
399 362
399 378
400 379
400 391
401 392
401 400
402 401
402 417
403 418
403 423
404 424
404 427
405 428
405 434
406 435
406 446
407 447
407 462
408 463
408 469
409 470
409 488
410 489
410 499
411 500
411 512
412 513
412 532
413 533
413 542
414 543
413 544
413 545
412 546
411 546
410 547
379 547
378 546
376 546
375 545
375 544
373 542
373 540
370 537
370 536
368 534
368 533
367 532
367 531
365 529
365 528
360 523
359 523
355 519
355 518
351 514
350 514
349 513
348 513
346 511
344 511
343 510
342 510
339 507
338 507
337 506
332 506
331 505
326 505
325 504
320 504
319 505
313 505
312 506
308 506
307 507
306 507
305 508
304 508
302 510
300 510
299 511
298 511
297 512
296 512
294 514
292 514
290 516
289 516
288 517
287 517
287 518
285 520
285 521
284 522
284 523
278 529
277 529
276 530
273 530
272 529
272 528
271 527
271 526
269 524
268 524
262 518
262 517
260 515
259 515
257 513
255 513
254 512
253 512
252 511
251 511
247 507
246 507
245 506
240 506
239 505
232 505
231 504
228 504
227 505
219 505
218 506
215 506
214 507
213 507
210 510
209 510
208 511
205 511
203 513
202 513
201 514
200 514
199 515
198 515
197 516
196 516
195 517
195 518
193 520
193 521
186 528
185 528
184 529
184 530
183 531
183 532
182 533
182 535
180 537
180 538
179 539
179 541
178 542
178 543
175 546
174 546
173 547
138 547
136 545
136 544
135 543
135 538
136 537
136 526
137 525
137 515
138 514
138 502
139 501
139 494
140 493
140 489
141 488
141 481
142 480
142 468
143 467
143 459
144 458
144 444
145 443
145 427
146 426
146 417
147 416
147 402
148 401
148 391
149 390
149 386
150 385
150 382
151 381
151 374
152 373
152 356
153 355
153 349
154 348
154 338
155 337
270 276
278 276
279 277
280 277
281 278
281 279
282 280
282 281
283 282
283 284
284 285
284 288
283 289
283 291
282 292
282 293
280 295
277 295
276 296
272 296
271 295
269 295
268 294
267 294
264 291
264 290
263 289
263 284
264 283
264 282
213 203
217 203
218 202
234 202
235 203
237 203
238 204
241 204
242 205
243 205
244 206
245 206
246 207
247 207
249 209
249 210
251 212
252 212
253 213
254 213
260 219
260 220
261 221
261 223
263 225
263 226
264 227
264 229
265 230
265 231
266 232
266 233
267 234
267 236
268 237
268 256
267 257
267 258
265 260
265 261
264 262
264 263
263 264
263 266
262 267
262 268
261 269
261 270
254 277
253 277
252 278
252 279
247 284
245 284
244 285
241 285
240 286
238 286
237 287
235 287
234 288
217 288
216 287
213 287
212 286
210 286
209 285
207 285
206 284
204 284
202 282
201 282
200 281
199 281
193 275
193 274
192 273
192 272
190 270
190 269
189 268
189 267
188 266
188 265
187 264
187 263
185 261
185 260
184 259
184 257
183 256
183 236
184 235
184 231
185 230
185 229
188 226
188 225
189 224
189 223
190 222
190 221
191 220
191 219
194 216
194 215
195 214
196 214
198 212
199 212
200 211
201 211
206 206
207 206
208 205
209 205
210 204
212 204
244 238
243 239
241 239
238 242
238 243
237 244
237 245
236 246
236 247
235 248
235 253
236 254
236 255
237 256
237 257
238 258
238 259
239 259
241 261
248 261
249 260
250 260
252 258
253 258
254 257
255 257
255 256
256 255
256 253
257 252
257 248
256 247
256 246
250 240
249 240
248 239
247 239
246 238
308 203
311 203
312 202
316 202
317 201
331 201
332 202
334 202
335 203
338 203
339 204
341 204
342 205
343 205
344 206
345 206
347 208
348 208
350 210
350 211
351 211
352 212
352 213
357 218
358 218
360 220
360 221
361 222
361 224
362 225
362 226
363 227
363 229
364 230
364 233
365 234
365 243
366 244
366 245
365 246
365 257
364 258
364 260
363 261
363 262
362 263
362 265
361 266
361 267
360 268
360 269
357 272
356 272
352 276
352 277
350 279
350 280
348 282
347 282
346 283
344 283
343 284
341 284
340 285
339 285
338 286
335 286
334 287
315 287
314 286
310 286
309 285
307 285
306 284
305 284
304 283
303 283
302 282
301 282
300 281
299 281
295 277
295 276
292 273
291 273
287 269
287 268
286 267
286 266
285 265
285 262
284 261
284 259
283 258
283 241
282 240
282 238
283 237
283 230
284 229
284 227
285 226
285 225
286 224
286 223
287 222
287 220
288 219
288 218
290 216
291 216
293 214
294 214
295 213
295 212
296 211
297 211
301 207
302 207
303 206
304 206
306 204
307 204
302 238
301 238
300 239
298 239
297 240
296 240
295 241
295 242
289 248
289 252
292 255
292 256
293 257
293 258
294 258
296 260
297 260
298 261
304 261
305 260
306 260
310 256
310 255
311 254
311 253
312 252
312 251
313 250
313 249
308 244
308 243
307 242
307 241
306 240
305 240
304 239
303 239
2169
0 1
1 2
2 3
3 4
4 5
5 6
6 7
7 8
8 9
9 10
10 11
11 12
12 13
13 14
14 15
15 16
16 17
17 18
18 19
19 20
20 21
21 22
22 23
23 24
24 25
25 26
26 27
27 28
28 29
29 30
30 31
31 32
32 33
33 34
34 35
35 36
36 37
37 38
38 39
39 40
40 41
41 42
42 43
43 44
44 45
45 46
46 47
47 48
48 49
49 50
50 51
51 52
52 53
53 54
54 55
55 56
56 57
57 58
58 59
59 60
60 61
61 62
62 63
63 64
64 65
65 66
66 67
67 68
68 69
69 70
70 71
71 72
72 73
73 74
74 75
75 76
76 77
77 78
78 79
79 80
80 81
81 82
82 83
83 84
84 85
85 86
86 87
87 88
88 89
89 90
90 91
91 92
92 93
93 94
94 95
95 96
96 97
97 98
98 99
99 100
100 101
101 102
102 103
103 104
104 105
105 106
106 107
107 108
108 109
109 110
110 111
111 112
112 113
113 114
114 115
115 116
116 117
117 118
118 119
119 120
120 121
121 122
122 123
123 124
124 125
125 126
126 127
127 128
128 129
129 130
130 131
131 132
132 133
133 134
134 135
135 136
136 137
137 138
138 139
139 140
140 141
141 142
142 143
143 144
144 145
145 146
146 147
147 148
148 149
149 150
150 151
151 152
152 153
153 154
154 155
155 156
156 157
157 158
158 159
159 160
160 161
161 162
162 163
163 164
164 165
165 166
166 167
167 168
168 169
169 170
170 171
171 172
172 173
173 174
174 175
175 176
176 177
177 178
178 179
179 180
180 181
181 182
182 183
183 184
184 185
185 186
186 187
187 188
188 189
189 190
190 191
191 192
192 193
193 194
194 195
195 196
196 197
197 198
198 199
199 200
200 201
201 202
202 203
203 204
204 205
205 206
206 207
207 208
208 209
209 210
210 211
211 212
212 213
213 214
214 215
215 216
216 217
217 218
218 219
219 220
220 221
221 222
222 223
223 224
224 225
225 226
226 227
227 228
228 229
229 230
230 231
231 232
232 233
233 234
234 235
235 236
236 237
237 238
238 239
239 240
240 241
241 242
242 243
243 244
244 245
245 246
246 247
247 248
248 249
249 250
250 251
251 252
252 253
253 254
254 255
255 256
256 257
257 258
258 259
259 260
260 261
261 262
262 263
263 264
264 265
265 266
266 267
267 268
268 269
269 270
270 271
271 272
272 273
273 274
274 275
275 276
276 277
277 278
278 279
279 280
280 281
281 282
282 283
283 284
284 285
285 286
286 287
287 288
288 289
289 290
290 291
291 292
292 293
293 294
294 295
295 296
296 297
297 298
298 299
299 300
300 301
301 302
302 303
303 304
304 305
305 306
306 307
307 308
308 309
309 310
310 311
311 312
312 313
313 314
314 315
315 316
316 317
317 318
318 319
319 320
320 321
321 322
322 323
323 324
324 325
325 326
326 327
327 328
328 329
329 330
330 331
331 332
332 333
333 334
334 335
335 336
336 337
337 338
338 339
339 340
340 341
341 342
342 343
343 344
344 345
345 346
346 347
347 348
348 349
349 350
350 351
351 352
352 353
353 354
354 355
355 356
356 357
357 358
358 359
359 360
360 361
361 362
362 363
363 364
364 365
365 366
366 367
367 368
368 369
369 370
370 371
371 372
372 373
373 374
374 375
375 376
376 377
377 378
378 379
379 380
380 381
381 382
382 383
383 384
384 385
385 386
386 387
387 388
388 389
389 390
390 391
391 392
392 393
393 394
394 395
395 396
396 397
397 398
398 399
399 400
400 401
401 402
402 403
403 404
404 405
405 406
406 407
407 408
408 409
409 410
410 411
411 412
412 413
413 414
414 415
415 416
416 417
417 418
418 419
419 420
420 421
421 422
422 423
423 424
424 425
425 426
426 427
427 428
428 429
429 430
430 431
431 432
432 433
433 434
434 435
435 436
436 437
437 438
438 439
439 440
440 441
441 442
442 443
443 444
444 445
445 446
446 447
447 448
448 449
449 450
450 451
451 452
452 453
453 454
454 455
455 456
456 457
457 458
458 459
459 460
460 461
461 462
462 463
463 464
464 465
465 466
466 467
467 468
468 469
469 470
470 471
471 472
472 473
473 474
474 475
475 476
476 477
477 478
478 479
479 480
480 481
481 482
482 483
483 484
484 485
485 486
486 487
487 488
488 489
489 490
490 491
491 492
492 493
493 494
494 495
495 496
496 497
497 498
498 499
499 500
500 501
501 502
502 503
503 504
504 505
505 506
506 507
507 508
508 509
509 510
510 511
511 512
512 513
513 514
514 515
515 516
516 517
517 518
518 519
519 520
520 521
521 522
522 523
523 524
524 525
525 526
526 527
527 528
528 529
529 530
530 531
531 532
532 533
533 534
534 535
535 536
536 537
537 538
538 539
539 540
540 541
541 542
542 543
543 544
544 545
545 546
546 547
547 548
548 549
549 550
550 551
551 552
552 553
553 554
554 555
555 556
556 557
557 558
558 559
559 560
560 561
561 562
562 563
563 564
564 565
565 566
566 567
567 568
568 569
569 570
570 571
571 572
572 573
573 574
574 575
575 576
576 577
577 578
578 579
579 580
580 581
581 582
582 583
583 584
584 585
585 586
586 587
587 588
588 589
589 590
590 591
591 592
592 593
593 594
594 595
595 596
596 597
597 598
598 599
599 600
600 601
601 602
602 603
603 604
604 605
605 606
606 607
607 608
608 609
609 610
610 611
611 612
612 613
613 614
614 615
615 616
616 617
617 618
618 619
619 620
620 621
621 622
622 623
623 624
624 625
625 626
626 627
627 628
628 629
629 630
630 631
631 632
632 633
633 634
634 635
635 636
636 637
637 638
638 639
639 640
640 641
641 642
642 643
643 644
644 645
645 646
646 647
647 648
648 649
649 650
650 651
651 652
652 653
653 654
654 655
655 656
656 657
657 658
658 659
659 660
660 661
661 662
662 663
663 664
664 665
665 666
666 667
667 668
668 669
669 670
670 671
671 672
672 673
673 674
674 675
675 676
676 677
677 678
678 679
679 680
680 681
681 682
682 683
683 684
684 685
685 686
686 687
687 688
688 689
689 690
690 691
691 692
692 693
693 694
694 695
695 696
696 697
697 698
698 699
699 700
700 701
701 702
702 703
703 704
704 705
705 706
706 707
707 708
708 709
709 710
710 711
711 712
712 713
713 714
714 715
715 716
716 717
717 718
718 719
719 720
720 721
721 722
722 723
723 724
724 725
725 726
726 727
727 728
728 729
729 730
730 731
731 732
732 733
733 734
734 735
735 736
736 737
737 738
738 739
739 740
740 741
741 742
742 743
743 744
744 745
745 746
746 747
747 748
748 749
749 750
750 751
751 752
752 753
753 754
754 755
755 756
756 757
757 758
758 759
759 760
760 761
761 762
762 763
763 764
764 765
765 766
766 767
767 768
768 769
769 770
770 771
771 772
772 773
773 774
774 775
775 776
776 777
777 778
778 779
779 780
780 781
781 782
782 783
783 784
784 785
785 786
786 787
787 788
788 789
789 790
790 791
791 792
792 793
793 794
794 795
795 796
796 797
797 798
798 799
799 800
800 801
801 802
802 803
803 804
804 805
805 806
806 807
807 808
808 809
809 810
810 811
812 813
813 814
814 815
815 816
816 817
817 818
818 819
819 820
820 821
821 822
822 823
823 824
824 825
825 826
826 827
827 828
828 829
829 830
830 831
831 832
832 833
833 834
834 835
835 836
836 837
837 838
838 839
839 840
840 841
841 842
842 843
843 844
844 845
845 846
846 847
847 848
848 849
849 850
850 851
851 852
852 853
853 854
854 855
855 856
856 857
857 858
858 859
859 860
860 861
861 862
862 863
863 864
864 865
865 866
866 867
867 868
868 869
869 870
870 871
871 872
872 873
873 874
874 875
875 876
876 877
877 878
878 879
879 880
880 881
881 882
882 883
883 884
884 885
885 886
886 887
887 888
888 889
889 890
890 891
891 892
892 893
893 894
894 895
895 896
896 897
897 898
898 899
899 900
900 901
901 902
902 903
903 904
904 905
905 906
906 907
907 908
908 909
909 910
910 911
911 912
912 913
913 914
914 915
916 917
917 918
918 919
919 920
920 921
921 922
922 923
923 924
924 925
925 926
926 927
927 928
928 929
929 930
930 931
931 932
932 933
933 934
934 935
935 936
936 937
937 938
938 939
939 940
940 941
941 942
942 943
943 944
944 945
945 946
946 947
947 948
948 949
949 950
950 951
951 952
952 953
953 954
954 955
955 956
956 957
957 958
958 959
959 960
960 961
961 962
962 963
963 964
964 965
965 966
966 967
967 968
968 969
969 970
970 971
971 972
972 973
973 974
974 975
975 976
976 977
977 978
978 979
979 980
980 981
981 982
982 983
983 984
984 985
985 986
986 987
987 988
988 989
989 990
990 991
991 992
992 993
993 994
994 995
995 996
996 997
997 998
998 999
999 1000
1000 1001
1001 1002
1002 1003
1003 1004
1004 1005
1005 1006
1006 1007
1007 1008
1008 1009
1009 1010
1010 1011
1011 1012
1012 1013
1013 1014
1014 1015
1016 1017
1017 1018
1018 1019
1019 1020
1020 1021
1021 1022
1022 1023
1023 1024
1024 1025
1025 1026
1026 1027
1027 1028
1028 1029
1029 1030
1030 1031
1031 1032
1032 1033
1033 1034
1034 1035
1035 1036
1036 1037
1037 1038
1038 1039
1039 1040
1040 1041
1041 1042
1042 1043
1043 1044
1044 1045
1045 1046
1046 1047
1047 1048
1048 1049
1049 1050
1050 1051
1051 1052
1052 1053
1053 1054
1054 1055
1055 1056
1056 1057
1057 1058
1058 1059
1059 1060
1060 1061
1061 1062
1062 1063
1063 1064
1064 1065
1065 1066
1066 1067
1067 1068
1068 1069
1069 1070
1070 1071
1071 1072
1072 1073
1073 1074
1074 1075
1075 1076
1076 1077
1077 1078
1078 1079
1079 1080
1080 1081
1081 1082
1082 1083
1083 1084
1084 1085
1085 1086
1086 1087
1087 1088
1088 1089
1089 1090
1090 1091
1091 1092
1092 1093
1093 1094
1094 1095
1095 1096
1096 1097
1097 1098
1098 1099
1099 1100
1100 1101
1101 1102
1102 1103
1103 1104
1104 1105
1105 1106
1106 1107
1107 1108
1108 1109
1109 1110
1110 1111
1111 1112
1112 1113
1113 1114
1114 1115
1115 1116
1116 1117
1117 1118
1118 1119
1119 1120
1120 1121
1121 1122
1122 1123
1123 1124
1124 1125
1125 1126
1126 1127
1127 1128
1128 1129
1129 1130
1130 1131
1131 1132
1132 1133
1133 1134
1134 1135
1136 1137
1137 1138
1138 1139
1139 1140
1140 1141
1141 1142
1142 1143
1143 1144
1144 1145
1145 1146
1146 1147
1147 1148
1148 1149
1149 1150
1150 1151
1151 1152
1152 1153
1153 1154
1154 1155
1155 1156
1156 1157
1157 1158
1158 1159
1159 1160
1160 1161
1161 1162
1162 1163
1163 1164
1164 1165
1165 1166
1166 1167
1167 1168
1168 1169
1169 1170
1170 1171
1171 1172
1172 1173
1173 1174
1174 1175
1175 1176
1176 1177
1177 1178
1178 1179
1179 1180
1180 1181
1181 1182
1182 1183
1183 1184
1184 1185
1185 1186
1186 1187
1187 1188
1188 1189
1189 1190
1190 1191
1191 1192
1192 1193
1193 1194
1194 1195
1195 1196
1196 1197
1197 1198
1198 1199
1199 1200
1200 1201
1201 1202
1202 1203
1203 1204
1204 1205
1205 1206
1206 1207
1207 1208
1208 1209
1209 1210
1210 1211
1211 1212
1212 1213
1213 1214
1214 1215
1215 1216
1216 1217
1217 1218
1218 1219
1219 1220
1220 1221
1221 1222
1222 1223
1223 1224
1224 1225
1225 1226
1226 1227
1227 1228
1228 1229
1229 1230
1230 1231
1231 1232
1232 1233
1233 1234
1234 1235
1235 1236
1236 1237
1237 1238
1238 1239
1239 1240
1240 1241
1241 1242
1242 1243
1243 1244
1244 1245
1245 1246
1246 1247
1247 1248
1248 1249
1249 1250
1250 1251
1251 1252
1253 1254
1254 1255
1255 1256
1256 1257
1257 1258
1258 1259
1259 1260
1260 1261
1261 1262
1262 1263
1263 1264
1265 1266
1266 1267
1267 1268
1268 1269
1269 1270
1270 1271
1271 1272
1272 1273
1273 1274
1274 1275
1275 1276
1276 1277
1277 1278
1279 1280
1280 1281
1281 1282
1282 1283
1283 1284
1285 1286
1286 1287
1287 1288
1288 1289
1289 1290
1290 1291
1291 1292
1293 1294
1294 1295
1295 1296
1296 1297
1297 1298
1298 1299
1299 1300
1301 1302
1302 1303
1303 1304
1304 1305
1305 1306
1306 1307
1307 1308
1308 1309
1309 1310
1310 1311
1311 1312
1312 1313
1313 1314
1314 1315
1315 1316
1316 1317
1317 1318
1318 1319
1319 1320
1320 1321
1321 1322
1322 1323
1323 1324
1324 1325
1325 1326
1326 1327
1327 1328
1328 1329
1329 1330
1330 1331
1331 1332
1332 1333
1333 1334
1334 1335
1335 1336
1336 1337
1337 1338
1338 1339
1339 1340
1340 1341
1341 1342
1342 1343
1343 1344
1344 1345
1345 1346
1346 1347
1347 1348
1348 1349
1349 1350
1350 1351
1351 1352
1352 1353
1353 1354
1354 1355
1355 1356
1356 1357
1357 1358
1358 1359
1359 1360
1360 1361
1361 1362
1362 1363
1363 1364
1364 1365
1365 1366
1366 1367
1367 1368
1368 1369
1369 1370
1370 1371
1371 1372
1372 1373
1373 1374
1374 1375
1375 1376
1376 1377
1377 1378
1378 1379
1379 1380
1380 1381
1381 1382
1382 1383
1383 1384
1384 1385
1385 1386
1386 1387
1387 1388
1388 1389
1389 1390
1390 1391
1391 1392
1392 1393
1393 1394
1394 1395
1395 1396
1396 1397
1397 1398
1398 1399
1399 1400
1400 1401
1401 1402
1402 1403
1403 1404
1404 1405
1405 1406
1406 1407
1407 1408
1408 1409
1409 1410
1410 1411
1411 1412
1412 1413
1413 1414
1414 1415
1415 1416
1416 1417
1417 1418
1418 1419
1419 1420
1420 1421
1421 1422
1422 1423
1423 1424
1424 1425
1425 1426
1426 1427
1427 1428
1428 1429
1429 1430
1430 1431
1431 1432
1432 1433
1433 1434
1434 1435
1435 1436
1436 1437
1437 1438
1438 1439
1439 1440
1440 1441
1441 1442
1442 1443
1443 1444
1444 1445
1445 1446
1446 1447
1447 1448
1448 1449
1449 1450
1450 1451
1451 1452
1452 1453
1453 1454
1454 1455
1455 1456
1456 1457
1457 1458
1458 1459
1459 1460
1460 1461
1461 1462
1462 1463
1463 1464
1464 1465
1465 1466
1466 1467
1467 1468
1468 1469
1469 1470
1470 1471
1471 1472
1472 1473
1473 1474
1474 1475
1475 1476
1476 1477
1477 1478
1478 1479
1479 1480
1480 1481
1481 1482
1482 1483
1483 1484
1484 1485
1485 1486
1486 1487
1487 1488
1488 1489
1489 1490
1490 1491
1491 1492
1492 1493
1493 1494
1494 1495
1495 1496
1496 1497
1497 1498
1498 1499
1499 1500
1500 1501
1501 1502
1502 1503
1503 1504
1504 1505
1505 1506
1506 1507
1507 1508
1508 1509
1509 1510
1510 1511
1511 1512
1512 1513
1513 1514
1514 1515
1515 1516
1516 1517
1517 1518
1518 1519
1519 1520
1520 1521
1521 1522
1522 1523
1523 1524
1524 1525
1525 1526
1526 1527
1527 1528
1528 1529
1529 1530
1530 1531
1531 1532
1532 1533
1533 1534
1534 1535
1535 1536
1536 1537
1537 1538
1538 1539
1539 1540
1540 1541
1541 1542
1542 1543
1543 1544
1544 1545
1545 1546
1546 1547
1547 1548
1548 1549
1549 1550
1550 1551
1551 1552
1552 1553
1553 1554
1554 1555
1555 1556
1556 1557
1557 1558
1558 1559
1559 1560
1560 1561
1561 1562
1562 1563
1563 1564
1564 1565
1565 1566
1566 1567
1567 1568
1568 1569
1569 1570
1570 1571
1571 1572
1572 1573
1573 1574
1574 1575
1575 1576
1576 1577
1577 1578
1578 1579
1579 1580
1580 1581
1581 1582
1582 1583
1583 1584
1584 1585
1585 1586
1586 1587
1587 1588
1588 1589
1589 1590
1590 1591
1591 1592
1592 1593
1593 1594
1594 1595
1595 1596
1596 1597
1597 1598
1598 1599
1599 1600
1600 1601
1601 1602
1602 1603
1603 1604
1604 1605
1605 1606
1606 1607
1607 1608
1608 1609
1609 1610
1610 1611
1611 1612
1612 1613
1613 1614
1614 1615
1615 1616
1616 1617
1617 1618
1618 1619
1619 1620
1620 1621
1621 1622
1622 1623
1623 1624
1624 1625
1625 1626
1626 1627
1627 1628
1628 1629
1629 1630
1630 1631
1631 1632
1632 1633
1633 1634
1634 1635
1635 1636
1636 1637
1637 1638
1638 1639
1639 1640
1640 1641
1641 1642
1642 1643
1643 1644
1644 1645
1645 1646
1646 1647
1647 1648
1648 1649
1649 1650
1650 1651
1651 1652
1652 1653
1653 1654
1654 1655
1655 1656
1656 1657
1657 1658
1658 1659
1659 1660
1660 1661
1661 1662
1662 1663
1663 1664
1664 1665
1665 1666
1666 1667
1667 1668
1668 1669
1669 1670
1670 1671
1671 1672
1672 1673
1673 1674
1674 1675
1675 1676
1676 1677
1677 1678
1678 1679
1679 1680
1680 1681
1681 1682
1682 1683
1683 1684
1684 1685
1685 1686
1686 1687
1687 1688
1688 1689
1689 1690
1690 1691
1691 1692
1692 1693
1693 1694
1694 1695
1695 1696
1696 1697
1697 1698
1698 1699
1699 1700
1700 1701
1701 1702
1702 1703
1703 1704
1704 1705
1705 1706
1706 1707
1707 1708
1708 1709
1709 1710
1710 1711
1711 1712
1712 1713
1713 1714
1714 1715
1715 1716
1716 1717
1717 1718
1718 1719
1719 1720
1720 1721
1721 1722
1722 1723
1723 1724
1724 1725
1725 1726
1726 1727
1727 1728
1728 1729
1729 1730
1730 1731
1731 1732
1732 1733
1733 1734
1734 1735
1735 1736
1736 1737
1737 1738
1738 1739
1739 1740
1740 1741
1741 1742
1742 1743
1743 1744
1744 1745
1745 1746
1746 1747
1747 1748
1748 1749
1749 1750
1750 1751
1751 1752
1752 1753
1753 1754
1754 1755
1755 1756
1756 1757
1757 1758
1758 1759
1759 1760
1760 1761
1761 1762
1762 1763
1763 1764
1764 1765
1765 1766
1766 1767
1767 1768
1768 1769
1769 1770
1770 1771
1771 1772
1772 1773
1773 1774
1774 1775
1775 1776
1776 1777
1777 1778
1778 1779
1779 1780
1780 1781
1781 1782
1782 1783
1783 1784
1784 1785
1785 1786
1786 1787
1787 1788
1788 1789
1789 1790
1790 1791
1791 1792
1792 1793
1793 1794
1794 1795
1795 1796
1796 1797
1797 1798
1798 1799
1799 1800
1800 1801
1801 1802
1802 1803
1803 1804
1804 1805
1805 1806
1806 1807
1807 1808
1808 1809
1809 1810
1810 1811
1811 1812
1812 1813
1813 1814
1814 1815
1815 1816
1816 1817
1817 1818
1818 1819
1819 1820
1820 1821
1821 1822
1822 1823
1823 1824
1824 1825
1825 1826
1826 1827
1827 1828
1828 1829
1829 1830
1830 1831
1831 1832
1832 1833
1833 1834
1834 1835
1835 1836
1836 1837
1837 1838
1839 1840
1840 1841
1841 1842
1842 1843
1843 1844
1844 1845
1845 1846
1846 1847
1847 1848
1848 1849
1849 1850
1850 1851
1851 1852
1852 1853
1853 1854
1854 1855
1855 1856
1856 1857
1857 1858
1858 1859
1859 1860
1860 1861
1861 1862
1862 1863
1863 1864
1864 1865
1865 1866
1866 1867
1867 1868
1869 1870
1870 1871
1871 1872
1872 1873
1873 1874
1874 1875
1875 1876
1876 1877
1877 1878
1878 1879
1879 1880
1880 1881
1881 1882
1882 1883
1883 1884
1884 1885
1885 1886
1886 1887
1887 1888
1888 1889
1889 1890
1890 1891
1891 1892
1892 1893
1893 1894
1894 1895
1895 1896
1896 1897
1897 1898
1898 1899
1899 1900
1900 1901
1901 1902
1902 1903
1903 1904
1904 1905
1905 1906
1906 1907
1907 1908
1908 1909
1909 1910
1910 1911
1911 1912
1912 1913
1913 1914
1914 1915
1915 1916
1916 1917
1917 1918
1918 1919
1919 1920
1920 1921
1921 1922
1922 1923
1923 1924
1924 1925
1925 1926
1926 1927
1927 1928
1928 1929
1929 1930
1930 1931
1931 1932
1932 1933
1933 1934
1934 1935
1935 1936
1936 1937
1937 1938
1938 1939
1939 1940
1940 1941
1941 1942
1942 1943
1943 1944
1944 1945
1945 1946
1946 1947
1947 1948
1948 1949
1949 1950
1950 1951
1951 1952
1952 1953
1953 1954
1954 1955
1955 1956
1956 1957
1957 1958
1958 1959
1959 1960
1960 1961
1961 1962
1962 1963
1963 1964
1964 1965
1965 1966
1966 1967
1967 1968
1968 1969
1969 1970
1970 1971
1971 1972
1972 1973
1973 1974
1974 1975
1975 1976
1976 1977
1977 1978
1978 1979
1979 1980
1980 1981
1981 1982
1982 1983
1983 1984
1984 1985
1985 1986
1987 1988
1988 1989
1989 1990
1990 1991
1991 1992
1992 1993
1993 1994
1994 1995
1995 1996
1996 1997
1997 1998
1998 1999
1999 2000
2000 2001
2001 2002
2002 2003
2003 2004
2004 2005
2005 2006
2006 2007
2007 2008
2008 2009
2009 2010
2010 2011
2011 2012
2012 2013
2013 2014
2014 2015
2015 2016
2016 2017
2017 2018
2018 2019
2019 2020
2020 2021
2021 2022
2022 2023
2023 2024
2025 2026
2026 2027
2027 2028
2028 2029
2029 2030
2030 2031
2031 2032
2032 2033
2033 2034
2034 2035
2035 2036
2036 2037
2037 2038
2038 2039
2039 2040
2040 2041
2041 2042
2042 2043
2043 2044
2044 2045
2045 2046
2046 2047
2047 2048
2048 2049
2049 2050
2050 2051
2051 2052
2052 2053
2053 2054
2054 2055
2055 2056
2056 2057
2057 2058
2058 2059
2059 2060
2060 2061
2061 2062
2062 2063
2063 2064
2064 2065
2065 2066
2066 2067
2067 2068
2068 2069
2069 2070
2070 2071
2071 2072
2072 2073
2073 2074
2074 2075
2075 2076
2076 2077
2077 2078
2078 2079
2079 2080
2080 2081
2081 2082
2082 2083
2083 2084
2084 2085
2085 2086
2086 2087
2087 2088
2088 2089
2089 2090
2090 2091
2091 2092
2092 2093
2093 2094
2094 2095
2095 2096
2096 2097
2097 2098
2098 2099
2099 2100
2100 2101
2101 2102
2102 2103
2103 2104
2104 2105
2105 2106
2106 2107
2107 2108
2108 2109
2109 2110
2110 2111
2111 2112
2112 2113
2113 2114
2114 2115
2115 2116
2116 2117
2117 2118
2118 2119
2119 2120
2120 2121
2121 2122
2122 2123
2123 2124
2124 2125
2125 2126
2126 2127
2127 2128
2128 2129
2129 2130
2130 2131
2131 2132
2132 2133
2133 2134
2134 2135
2135 2136
2136 2137
2137 2138
2138 2139
2139 2140
2140 2141
2141 2142
2142 2143
2143 2144
2144 2145
2145 2146
2146 2147
2148 2149
2149 2150
2150 2151
2151 2152
2152 2153
2153 2154
2154 2155
2155 2156
2156 2157
2157 2158
2158 2159
2159 2160
2160 2161
2161 2162
2162 2163
2163 2164
2164 2165
2165 2166
2166 2167
2167 2168
2168 2169
2169 2170
2170 2171
2171 2172
2172 2173
2173 2174
2174 2175
2175 2176
2176 2177
2177 2178
2178 2179
2179 2180
2180 2181
2181 2182
2182 2183
2183 2184
