1989
826 226
826 222
825 221
825 219
823 217
823 216
822 215
822 214
813 205
812 205
810 203
809 203
807 201
806 201
804 199
803 199
798 194
797 194
795 192
794 192
792 190
791 190
789 188
788 188
781 181
780 181
778 179
777 179
776 178
775 178
772 175
771 175
766 170
765 170
763 168
762 168
760 166
759 166
757 164
756 164
753 161
752 161
749 158
748 158
747 157
746 157
743 154
742 154
738 150
737 150
735 148
734 148
732 146
731 146
729 144
728 144
727 143
726 143
724 141
722 141
721 140
697 140
696 139
666 139
663 136
663 135
667 131
667 123
668 122
668 102
667 101
667 94
666 93
666 92
662 88
661 88
660 87
659 87
658 86
656 86
655 85
652 85
651 84
649 84
648 83
646 83
645 82
644 82
643 81
640 81
639 80
637 80
636 79
633 79
632 78
630 78
629 77
627 77
626 76
623 76
622 75
619 75
618 74
617 74
616 73
614 73
613 72
611 72
610 71
608 71
607 70
605 70
604 69
602 69
601 68
599 68
598 67
594 67
593 66
591 66
590 65
587 65
586 64
585 64
584 63
582 63
581 62
579 62
578 61
576 61
575 60
573 60
572 59
570 59
569 58
566 58
565 57
564 57
563 56
562 56
561 55
559 55
558 54
540 54
539 53
538 53
537 52
535 52
534 51
533 51
531 49
530 49
529 48
528 48
524 44
523 44
520 41
519 41
517 39
516 39
514 37
513 37
511 35
510 35
508 33
506 33
505 32
482 32
481 33
462 33
461 34
459 34
458 35
457 35
455 37
454 37
450 41
449 41
447 43
446 43
445 44
444 44
443 45
442 45
441 46
440 46
438 48
437 48
434 51
433 51
431 53
430 53
429 54
427 54
426 55
424 55
423 56
419 56
418 57
411 57
410 58
408 58
407 59
405 59
404 60
401 60
400 61
397 61
396 62
393 62
392 63
389 63
388 64
386 64
385 65
382 65
381 66
379 66
378 67
376 67
375 68
373 68
372 69
370 69
369 70
366 70
365 71
363 71
362 72
359 72
358 73
356 73
355 74
353 74
352 75
350 75
349 76
347 76
346 77
344 77
343 78
341 78
340 79
337 79
336 80
334 80
333 81
331 81
330 82
327 82
326 83
324 83
323 84
320 84
319 85
317 85
316 86
314 86
313 87
311 87
310 88
307 88
306 89
304 89
303 90
301 90
300 91
297 91
296 92
294 92
293 93
290 93
289 94
287 94
286 95
283 95
282 96
268 96
267 97
249 97
248 98
246 98
245 99
244 99
243 100
242 100
241 101
94 101
93 102
39 102
37 104
36 104
36 105
34 107
34 120
36 122
36 123
37 123
39 125
72 125
73 124
159 124
160 125
214 125
215 124
240 124
241 125
243 125
244 126
245 126
246 127
248 127
249 128
285 128
286 129
287 129
288 130
289 130
290 131
291 131
292 132
293 132
294 133
295 133
296 134
298 134
299 135
300 135
301 136
302 136
304 138
304 141
302 143
298 143
297 144
288 144
287 145
284 145
283 146
279 146
278 147
275 147
274 148
266 148
265 149
263 149
262 150
260 150
259 151
254 151
253 152
249 152
248 153
240 153
239 154
235 154
234 155
230 155
229 156
222 156
221 157
216 157
215 158
211 158
210 159
206 159
205 160
196 160
195 161
192 161
191 162
183 162
182 163
180 163
179 164
177 164
176 165
174 165
173 166
172 166
171 167
170 167
164 173
164 174
157 181
157 182
154 185
154 186
148 192
148 193
139 202
139 203
135 207
135 208
134 209
134 210
133 211
133 212
132 213
132 217
133 218
133 220
134 221
134 222
136 224
136 225
138 227
138 228
140 230
140 231
142 233
142 234
144 236
144 237
147 240
147 241
150 244
150 245
152 247
152 248
153 249
153 250
154 251
154 252
155 253
155 255
156 256
156 268
157 269
157 270
158 271
158 273
159 274
159 275
160 276
160 277
161 278
161 279
162 280
162 281
167 286
168 286
170 288
171 288
174 291
175 291
177 293
178 293
180 295
181 295
184 298
185 298
187 300
188 300
189 301
190 301
192 303
193 303
195 305
196 305
198 307
199 307
201 309
202 309
205 312
206 312
209 315
210 315
212 317
213 317
215 319
216 319
217 320
218 320
220 322
221 322
222 323
223 323
225 325
226 325
229 328
230 328
232 330
233 330
235 332
236 332
238 334
239 334
241 336
242 336
243 337
244 337
246 339
247 339
248 340
250 340
251 341
338 341
339 340
423 340
424 341
447 341
448 340
504 340
505 339
679 339
680 338
686 338
687 337
689 337
690 336
692 336
693 335
694 335
695 334
696 334
697 333
698 333
699 332
700 332
702 330
703 330
704 329
705 329
706 328
707 328
708 327
709 327
710 326
711 326
712 325
713 325
714 324
715 324
717 322
718 322
719 321
720 321
721 320
722 320
724 318
725 318
726 317
727 317
729 315
730 315
732 313
733 313
735 311
736 311
738 309
739 309
740 308
741 308
743 306
744 306
745 305
746 305
747 304
748 304
750 302
751 302
752 301
753 301
754 300
755 300
756 299
757 299
758 298
759 298
761 296
762 296
764 294
765 294
766 293
767 293
769 291
770 291
773 288
774 288
779 283
779 282
782 279
782 278
786 274
786 273
791 268
791 267
794 264
794 263
801 256
801 255
817 239
817 238
822 233
822 232
824 230
824 229
825 228
825 227
262 269
269 269
270 270
274 270
275 271
277 271
278 272
280 272
281 273
282 273
283 274
284 274
287 277
288 277
295 284
295 285
297 287
297 288
298 289
298 291
299 292
299 294
300 295
300 298
301 299
301 303
300 304
300 307
299 308
299 310
298 311
298 312
297 313
297 314
295 316
295 317
289 323
288 323
285 326
284 326
282 328
281 328
280 329
278 329
277 330
275 330
274 331
270 331
269 332
264 332
263 331
260 331
259 330
257 330
256 329
254 329
253 328
252 328
251 327
250 327
249 326
248 326
246 324
245 324
238 317
238 316
236 314
236 313
235 312
235 311
234 310
234 308
233 307
233 306
232 305
232 303
231 302
231 299
232 298
232 296
233 295
233 293
234 292
234 291
235 290
235 288
237 286
237 285
239 283
239 282
245 276
246 276
248 274
249 274
250 273
251 273
252 272
253 272
254 271
257 271
258 270
261 270
265 286
264 287
262 287
261 288
259 288
257 290
256 290
254 292
254 293
253 294
253 295
252 296
252 305
253 306
253 307
255 309
255 310
256 310
258 312
259 312
260 313
262 313
263 314
271 314
272 313
274 313
279 308
279 306
280 305
280 296
279 295
279 293
274 288
273 288
272 287
270 287
269 286
462 268
471 268
472 269
475 269
476 270
478 270
479 271
481 271
482 272
483 272
484 273
485 273
488 276
489 276
495 282
495 283
497 285
497 286
498 287
498 288
499 289
499 291
500 292
500 294
501 295
501 298
502 299
502 301
501 302
501 305
500 306
500 308
499 309
499 311
497 313
497 314
486 325
485 325
484 326
483 326
482 327
481 327
480 328
479 328
478 329
476 329
475 330
472 330
471 331
464 331
463 330
460 330
459 329
457 329
456 328
454 328
453 327
452 327
451 326
450 326
449 325
448 325
447 324
446 324
438 316
438 315
436 313
436 312
435 311
435 310
434 309
434 307
433 306
433 305
432 304
432 301
431 300
432 299
432 296
433 295
433 293
434 292
434 290
435 289
435 288
436 287
436 286
438 284
438 283
445 276
446 276
449 273
450 273
451 272
452 272
453 271
454 271
455 270
457 270
458 269
461 269
457 289
453 293
453 295
452 296
452 303
453 304
453 306
455 308
455 309
456 310
457 310
459 312
462 312
463 313
472 313
473 312
475 312
480 307
480 305
481 304
481 296
480 295
480 293
474 287
472 287
471 286
464 286
463 287
461 287
460 288
459 288
458 289
362 268
370 268
371 269
374 269
375 270
377 270
378 271
379 271
380 272
381 272
383 274
384 274
385 275
386 275
390 279
391 279
394 282
394 283
396 285
396 286
398 288
398 289
399 290
399 291
400 292
400 295
401 296
401 303
400 304
400 307
399 308
399 309
398 310
398 311
397 312
397 313
395 315
395 316
386 325
385 325
383 327
382 327
381 328
380 328
379 329
377 329
376 330
373 330
372 331
362 331
361 330
358 330
357 329
355 329
354 328
353 328
352 327
351 327
350 326
349 326
348 325
347 325
337 315
337 314
335 312
335 311
334 310
334 308
333 307
333 305
332 304
332 297
333 296
333 293
334 292
334 290
335 289
335 288
336 287
336 286
338 284
338 283
344 277
345 277
347 275
348 275
350 273
351 273
352 272
353 272
354 271
355 271
356 270
358 270
359 269
361 269
357 289
353 293
353 295
352 296
352 304
353 305
353 307
358 312
359 312
360 313
372 313
373 312
375 312
380 307
380 305
381 304
381 297
380 296
380 294
374 288
373 288
372 287
370 287
369 286
364 286
363 287
361 287
360 288
359 288
358 289
564 267
571 267
572 268
575 268
576 269
578 269
579 270
581 270
582 271
583 271
584 272
585 272
586 273
587 273
588 274
589 274
597 282
597 283
598 284
598 285
599 286
599 287
600 288
600 289
601 290
601 291
602 292
602 294
603 295
603 296
604 297
604 300
603 301
603 304
602 305
602 306
601 307
601 309
600 310
600 311
598 313
598 314
589 323
588 323
587 324
586 324
585 325
584 325
583 326
582 326
581 327
580 327
579 328
577 328
576 329
575 329
574 330
572 330
571 331
566 331
565 330
563 330
562 329
561 329
560 328
558 328
557 327
555 327
554 326
553 326
552 325
551 325
550 324
549 324
546 321
545 321
539 315
539 314
537 312
537 311
536 310
536 309
535 308
535 307
534 306
534 304
533 303
533 301
532 300
532 297
533 296
533 294
534 293
534 291
535 290
535 289
536 288
536 286
538 284
538 283
548 273
549 273
550 272
551 272
552 271
553 271
554 270
555 270
556 269
559 269
560 268
563 268
562 286
561 287
560 287
557 290
556 290
556 291
554 293
554 294
553 295
553 301
554 302
554 304
555 305
555 306
561 312
563 312
564 313
571 313
572 312
574 312
575 311
576 311
581 306
581 304
582 303
582 296
581 295
581 293
580 292
580 291
575 286
573 286
572 285
566 285
565 286
667 266
671 266
672 267
676 267
677 268
680 268
681 269
683 269
684 270
685 270
687 272
688 272
691 275
692 275
698 281
698 282
700 284
700 285
702 287
702 288
703 289
703 291
704 292
704 294
705 295
705 302
704 303
704 305
703 306
703 308
702 309
702 310
700 312
700 313
691 322
690 322
689 323
688 323
687 324
686 324
685 325
683 325
682 326
681 326
680 327
678 327
677 328
675 328
674 329
665 329
664 328
660 328
659 327
657 327
656 326
655 326
654 325
653 325
652 324
651 324
649 322
648 322
640 314
640 313
638 311
638 310
637 309
637 307
636 306
636 304
635 303
635 301
634 300
634 297
635 296
635 293
636 292
636 289
637 288
637 287
638 286
638 285
639 284
639 283
649 273
650 273
652 271
653 271
654 270
656 270
657 269
659 269
660 268
662 268
663 267
666 267
661 286
656 291
656 293
655 294
655 302
656 303
656 304
657 305
657 306
660 309
661 309
662 310
663 310
664 311
675 311
676 310
678 310
683 305
683 303
684 302
684 294
683 293
683 291
679 287
678 287
677 286
675 286
674 285
671 285
670 284
666 284
665 285
663 285
662 286
216 259
216 261
215 262
215 265
214 266
214 267
213 268
213 269
212 270
212 271
206 277
205 277
204 278
203 278
202 279
201 279
200 280
199 280
198 281
197 281
196 282
194 282
193 283
189 283
188 282
186 282
185 281
183 281
182 280
180 280
179 279
178 279
171 272
171 271
170 270
170 269
169 268
169 266
168 265
168 260
170 258
171 258
172 257
173 257
174 258
174 259
175 260
175 262
176 263
176 265
178 267
178 268
180 270
181 270
183 272
185 272
186 273
196 273
197 272
199 272
204 267
204 265
205 264
205 255
208 252
211 252
215 256
215 258
730 255
731 254
731 253
735 249
738 249
741 252
741 261
742 262
742 263
744 265
744 266
745 266
748 269
749 269
750 270
752 270
753 271
758 271
759 270
761 270
762 269
763 269
764 268
765 268
770 263
770 261
771 260
771 255
772 254
772 253
774 251
775 251
776 250
778 252
779 252
780 253
780 254
781 255
781 259
780 260
780 261
779 262
779 263
778 264
778 265
777 266
777 267
775 269
775 270
771 274
770 274
769 275
768 275
767 276
766 276
765 277
763 277
762 278
760 278
759 279
754 279
753 278
750 278
749 277
748 277
747 276
745 276
744 275
743 275
741 273
740 273
735 268
735 267
733 265
733 264
732 263
732 262
731 261
731 259
730 258
745 288
745 292
744 293
743 293
741 295
740 295
739 296
738 296
736 298
735 298
733 300
732 300
731 301
730 301
728 303
727 303
725 305
724 305
723 306
722 306
720 308
718 308
715 305
715 290
714 289
714 287
713 286
713 285
712 284
712 282
711 281
711 280
710 279
710 278
708 276
708 275
704 271
704 270
702 268
701 268
698 265
697 265
695 263
694 263
693 262
692 262
691 261
690 261
689 260
687 260
686 259
683 259
682 258
679 258
678 257
660 257
659 258
657 258
656 259
653 259
652 260
650 260
649 261
647 261
646 262
645 262
643 264
642 264
640 266
639 266
633 272
633 273
631 275
631 276
629 278
629 279
627 281
627 282
626 283
626 285
625 286
625 289
624 290
624 307
625 308
625 310
626 311
626 312
627 313
627 314
628 315
628 316
629 317
629 318
631 320
631 321
633 323
633 324
634 325
634 327
631 330
606 330
604 328
604 327
603 326
603 325
607 321
607 320
609 318
609 317
610 316
610 315
611 314
611 312
612 311
612 308
613 307
613 290
612 289
612 287
611 286
611 285
610 284
610 282
609 281
609 280
607 278
607 277
605 275
605 274
598 267
597 267
595 265
594 265
593 264
592 264
591 263
590 263
589 262
588 262
587 261
585 261
584 260
582 260
581 259
578 259
577 258
557 258
556 259
553 259
552 260
550 260
549 261
547 261
546 262
545 262
543 264
542 264
540 266
539 266
538 267
537 267
531 273
531 274
528 277
528 278
527 279
527 280
526 281
526 282
525 283
525 285
524 286
524 289
523 290
523 308
524 309
524 311
525 312
525 314
526 315
526 316
527 317
527 318
529 320
529 321
533 325
532 326
532 328
531 329
530 329
529 330
505 330
502 327
502 326
503 325
503 324
506 321
506 320
508 318
508 317
509 316
509 314
510 313
510 311
511 310
511 308
512 307
512 300
511 299
511 290
510 289
510 286
509 285
509 284
508 283
508 281
506 279
506 278
502 274
502 273
496 267
495 267
494 266
493 266
492 265
491 265
490 264
489 264
488 263
487 263
486 262
485 262
484 261
481 261
480 260
477 260
476 259
456 259
455 260
452 260
451 261
449 261
448 262
447 262
446 263
445 263
444 264
443 264
441 266
440 266
439 267
438 267
436 269
435 269
432 272
432 273
430 275
430 276
428 278
428 279
426 281
426 282
425 283
425 284
424 285
424 286
423 287
423 290
422 291
422 308
423 309
423 312
424 313
424 315
425 316
425 317
426 318
426 319
430 323
430 324
432 326
432 327
431 328
431 329
429 331
405 331
404 330
403 330
402 329
402 327
401 326
404 323
404 322
407 319
407 318
408 317
408 316
409 315
409 313
410 312
410 309
411 308
411 292
410 291
410 288
409 287
409 286
408 285
408 283
407 282
407 281
405 279
405 278
400 273
400 272
398 270
397 270
393 266
392 266
391 265
390 265
389 264
388 264
387 263
386 263
385 262
383 262
382 261
379 261
378 260
375 260
374 259
357 259
356 260
354 260
353 261
351 261
350 262
348 262
347 263
345 263
343 265
342 265
341 266
340 266
338 268
337 268
330 275
330 276
328 278
328 279
326 281
326 282
325 283
325 285
324 286
324 287
323 288
323 291
322 292
322 309
323 310
323 313
324 314
324 316
325 317
325 318
326 319
326 320
329 323
329 324
332 327
331 328
331 330
329 332
305 332
301 328
301 327
303 325
303 324
306 321
306 320
308 318
308 316
309 315
309 312
310 311
310 291
309 290
309 287
308 286
308 285
307 284
307 282
305 280
305 279
303 277
303 276
295 268
294 268
293 267
292 267
290 265
289 265
288 264
287 264
286 263
285 263
284 262
282 262
281 261
278 261
277 260
255 260
254 261
251 261
250 262
248 262
247 263
246 263
245 264
244 264
243 265
242 265
241 266
240 266
239 267
238 267
230 275
230 276
228 278
228 279
225 282
225 283
224 284
224 286
223 287
223 290
222 291
222 303
219 306
218 306
217 307
215 305
214 305
210 301
209 301
207 299
206 299
205 298
204 298
202 296
202 292
204 290
205 290
206 289
207 289
208 288
209 288
210 287
211 287
213 285
214 285
219 280
219 279
221 277
221 276
223 274
223 273
224 272
224 271
225 270
225 267
226 266
226 261
225 260
225 254
226 253
226 252
229 249
230 249
231 248
234 248
235 247
250 247
251 246
254 246
255 245
256 245
257 244
259 244
260 243
273 243
274 242
278 242
279 241
499 241
500 240
560 240
561 241
567 241
568 240
614 240
615 239
641 239
642 240
646 240
647 241
670 241
671 242
674 242
675 243
692 243
693 244
698 244
699 245
706 245
707 246
717 246
721 250
721 265
722 266
722 268
723 269
723 270
724 271
724 272
725 273
725 274
728 277
728 278
730 280
731 280
733 282
734 282
736 284
737 284
738 285
740 285
741 286
743 286
184 240
185 239
188 239
189 240
189 243
188 244
185 244
184 243
576 136
577 135
591 135
592 136
592 140
591 141
577 141
576 140
193 111
194 110
201 110
202 111
202 115
201 116
194 116
193 115
1972
0 1
1 2
2 3
3 4
4 5
5 6
6 7
7 8
8 9
9 10
10 11
11 12
12 13
13 14
14 15
15 16
16 17
17 18
18 19
19 20
20 21
21 22
22 23
23 24
24 25
25 26
26 27
27 28
28 29
29 30
30 31
31 32
32 33
33 34
34 35
35 36
36 37
37 38
38 39
39 40
40 41
41 42
42 43
43 44
44 45
45 46
46 47
47 48
48 49
49 50
50 51
51 52
52 53
53 54
54 55
55 56
56 57
57 58
58 59
59 60
60 61
61 62
62 63
63 64
64 65
65 66
66 67
67 68
68 69
69 70
70 71
71 72
72 73
73 74
74 75
75 76
76 77
77 78
78 79
79 80
80 81
81 82
82 83
83 84
84 85
85 86
86 87
87 88
88 89
89 90
90 91
91 92
92 93
93 94
94 95
95 96
96 97
97 98
98 99
99 100
100 101
101 102
102 103
103 104
104 105
105 106
106 107
107 108
108 109
109 110
110 111
111 112
112 113
113 114
114 115
115 116
116 117
117 118
118 119
119 120
120 121
121 122
122 123
123 124
124 125
125 126
126 127
127 128
128 129
129 130
130 131
131 132
132 133
133 134
134 135
135 136
136 137
137 138
138 139
139 140
140 141
141 142
142 143
143 144
144 145
145 146
146 147
147 148
148 149
149 150
150 151
151 152
152 153
153 154
154 155
155 156
156 157
157 158
158 159
159 160
160 161
161 162
162 163
163 164
164 165
165 166
166 167
167 168
168 169
169 170
170 171
171 172
172 173
173 174
174 175
175 176
176 177
177 178
178 179
179 180
180 181
181 182
182 183
183 184
184 185
185 186
186 187
187 188
188 189
189 190
190 191
191 192
192 193
193 194
194 195
195 196
196 197
197 198
198 199
199 200
200 201
201 202
202 203
203 204
204 205
205 206
206 207
207 208
208 209
209 210
210 211
211 212
212 213
213 214
214 215
215 216
216 217
217 218
218 219
219 220
220 221
221 222
222 223
223 224
224 225
225 226
226 227
227 228
228 229
229 230
230 231
231 232
232 233
233 234
234 235
235 236
236 237
237 238
238 239
239 240
240 241
241 242
242 243
243 244
244 245
245 246
246 247
247 248
248 249
249 250
250 251
251 252
252 253
253 254
254 255
255 256
256 257
257 258
258 259
259 260
260 261
261 262
262 263
263 264
264 265
265 266
266 267
267 268
268 269
269 270
270 271
271 272
272 273
273 274
274 275
275 276
276 277
277 278
278 279
279 280
280 281
281 282
282 283
283 284
284 285
285 286
286 287
287 288
288 289
289 290
290 291
291 292
292 293
293 294
294 295
295 296
296 297
297 298
298 299
299 300
300 301
301 302
302 303
303 304
304 305
305 306
306 307
307 308
308 309
309 310
310 311
311 312
312 313
313 314
314 315
315 316
316 317
317 318
318 319
319 320
320 321
321 322
322 323
323 324
324 325
325 326
326 327
327 328
328 329
329 330
330 331
331 332
332 333
333 334
334 335
335 336
336 337
337 338
338 339
339 340
340 341
341 342
342 343
343 344
344 345
345 346
346 347
347 348
348 349
349 350
350 351
351 352
352 353
353 354
354 355
355 356
356 357
357 358
358 359
359 360
360 361
361 362
362 363
363 364
364 365
365 366
366 367
367 368
368 369
369 370
370 371
371 372
372 373
373 374
374 375
375 376
376 377
377 378
378 379
379 380
380 381
381 382
382 383
383 384
384 385
385 386
386 387
387 388
388 389
389 390
390 391
391 392
392 393
393 394
394 395
395 396
396 397
397 398
398 399
399 400
400 401
401 402
402 403
403 404
404 405
405 406
406 407
407 408
408 409
409 410
410 411
411 412
412 413
413 414
414 415
415 416
416 417
417 418
418 419
419 420
420 421
421 422
422 423
423 424
424 425
425 426
426 427
427 428
428 429
429 430
430 431
431 432
432 433
433 434
434 435
435 436
436 437
437 438
438 439
439 440
440 441
441 442
442 443
443 444
444 445
445 446
446 447
447 448
448 449
449 450
450 451
451 452
452 453
453 454
454 455
455 456
456 457
457 458
458 459
459 460
460 461
461 462
462 463
463 464
464 465
465 466
466 467
467 468
468 469
469 470
470 471
471 472
472 473
473 474
474 475
475 476
476 477
477 478
478 479
479 480
480 481
481 482
482 483
483 484
484 485
485 486
486 487
487 488
488 489
489 490
490 491
491 492
492 493
493 494
494 495
495 496
496 497
497 498
498 499
499 500
500 501
501 502
502 503
503 504
504 505
505 506
506 507
507 508
508 509
509 510
510 511
511 512
512 513
513 514
514 515
515 516
516 517
517 518
518 519
519 520
520 521
521 522
522 523
523 524
524 525
525 526
526 527
527 528
528 529
529 530
530 531
531 532
532 533
533 534
534 535
535 536
536 537
537 538
538 539
539 540
540 541
541 542
542 543
543 544
544 545
545 546
546 547
547 548
548 549
549 550
550 551
551 552
552 553
553 554
554 555
555 556
556 557
557 558
558 559
559 560
560 561
561 562
562 563
563 564
564 565
565 566
566 567
567 568
568 569
569 570
570 571
571 572
572 573
573 574
574 575
575 576
576 577
577 578
578 579
579 580
580 581
581 582
582 583
583 584
584 585
585 586
586 587
587 588
588 589
589 590
590 591
591 592
592 593
593 594
594 595
595 596
596 597
597 598
598 599
600 601
601 602
602 603
603 604
604 605
605 606
606 607
607 608
608 609
609 610
610 611
611 612
612 613
613 614
614 615
615 616
616 617
617 618
618 619
619 620
620 621
621 622
622 623
623 624
624 625
625 626
626 627
627 628
628 629
629 630
630 631
631 632
632 633
633 634
634 635
635 636
636 637
637 638
638 639
639 640
640 641
641 642
642 643
643 644
644 645
645 646
646 647
647 648
648 649
649 650
650 651
651 652
652 653
653 654
654 655
655 656
656 657
657 658
658 659
659 660
660 661
661 662
662 663
663 664
664 665
665 666
666 667
667 668
668 669
669 670
670 671
671 672
672 673
673 674
674 675
675 676
676 677
677 678
678 679
679 680
680 681
681 682
682 683
683 684
684 685
685 686
686 687
687 688
688 689
689 690
690 691
691 692
692 693
693 694
694 695
695 696
696 697
697 698
698 699
699 700
700 701
702 703
703 704
704 705
705 706
706 707
707 708
708 709
709 710
710 711
711 712
712 713
713 714
714 715
715 716
716 717
717 718
718 719
719 720
720 721
721 722
722 723
723 724
724 725
725 726
726 727
727 728
728 729
729 730
730 731
731 732
732 733
733 734
734 735
735 736
736 737
737 738
739 740
740 741
741 742
742 743
743 744
744 745
745 746
746 747
747 748
748 749
749 750
750 751
751 752
752 753
753 754
754 755
755 756
756 757
757 758
758 759
759 760
760 761
761 762
762 763
763 764
764 765
765 766
766 767
767 768
768 769
769 770
770 771
771 772
772 773
773 774
774 775
775 776
776 777
777 778
778 779
779 780
780 781
781 782
782 783
783 784
784 785
785 786
786 787
787 788
788 789
789 790
790 791
791 792
792 793
793 794
794 795
795 796
796 797
797 798
798 799
799 800
800 801
801 802
802 803
803 804
804 805
805 806
806 807
807 808
808 809
809 810
810 811
811 812
812 813
813 814
814 815
815 816
816 817
817 818
818 819
819 820
820 821
821 822
822 823
823 824
824 825
825 826
826 827
827 828
828 829
829 830
830 831
831 832
832 833
833 834
834 835
835 836
836 837
837 838
838 839
840 841
841 842
842 843
843 844
844 845
845 846
846 847
847 848
848 849
849 850
850 851
851 852
852 853
853 854
854 855
855 856
856 857
857 858
858 859
859 860
860 861
861 862
862 863
863 864
864 865
865 866
866 867
867 868
868 869
869 870
870 871
872 873
873 874
874 875
875 876
876 877
877 878
878 879
879 880
880 881
881 882
882 883
883 884
884 885
885 886
886 887
887 888
888 889
889 890
890 891
891 892
892 893
893 894
894 895
895 896
896 897
897 898
898 899
899 900
900 901
901 902
902 903
903 904
904 905
905 906
906 907
907 908
908 909
909 910
910 911
911 912
912 913
913 914
914 915
915 916
916 917
917 918
918 919
919 920
920 921
921 922
922 923
923 924
924 925
925 926
926 927
927 928
928 929
929 930
930 931
931 932
932 933
933 934
934 935
935 936
936 937
937 938
938 939
939 940
940 941
941 942
942 943
943 944
944 945
945 946
946 947
947 948
948 949
949 950
950 951
951 952
952 953
953 954
954 955
955 956
956 957
957 958
958 959
959 960
960 961
961 962
962 963
963 964
964 965
965 966
966 967
968 969
969 970
970 971
971 972
972 973
973 974
974 975
975 976
976 977
977 978
978 979
979 980
980 981
981 982
982 983
983 984
984 985
985 986
986 987
987 988
988 989
989 990
990 991
991 992
992 993
993 994
994 995
995 996
996 997
998 999
999 1000
1000 1001
1001 1002
1002 1003
1003 1004
1004 1005
1005 1006
1006 1007
1007 1008
1008 1009
1009 1010
1010 1011
1011 1012
1012 1013
1013 1014
1014 1015
1015 1016
1016 1017
1017 1018
1018 1019
1019 1020
1020 1021
1021 1022
1022 1023
1023 1024
1024 1025
1025 1026
1026 1027
1027 1028
1028 1029
1029 1030
1030 1031
1031 1032
1032 1033
1033 1034
1034 1035
1035 1036
1036 1037
1037 1038
1038 1039
1039 1040
1040 1041
1041 1042
1042 1043
1043 1044
1044 1045
1045 1046
1046 1047
1047 1048
1048 1049
1049 1050
1050 1051
1051 1052
1052 1053
1053 1054
1054 1055
1055 1056
1056 1057
1057 1058
1058 1059
1059 1060
1060 1061
1061 1062
1062 1063
1063 1064
1064 1065
1065 1066
1066 1067
1067 1068
1068 1069
1069 1070
1070 1071
1071 1072
1072 1073
1073 1074
1074 1075
1075 1076
1076 1077
1077 1078
1078 1079
1079 1080
1080 1081
1081 1082
1082 1083
1083 1084
1084 1085
1085 1086
1086 1087
1087 1088
1088 1089
1089 1090
1090 1091
1091 1092
1092 1093
1093 1094
1094 1095
1095 1096
1096 1097
1097 1098
1098 1099
1099 1100
1100 1101
1101 1102
1102 1103
1103 1104
1104 1105
1105 1106
1106 1107
1107 1108
1108 1109
1110 1111
1111 1112
1112 1113
1113 1114
1114 1115
1115 1116
1116 1117
1117 1118
1118 1119
1119 1120
1120 1121
1121 1122
1122 1123
1123 1124
1124 1125
1125 1126
1126 1127
1127 1128
1128 1129
1129 1130
1130 1131
1131 1132
1132 1133
1133 1134
1134 1135
1135 1136
1136 1137
1137 1138
1138 1139
1139 1140
1140 1141
1141 1142
1142 1143
1143 1144
1145 1146
1146 1147
1147 1148
1148 1149
1149 1150
1150 1151
1151 1152
1152 1153
1153 1154
1154 1155
1155 1156
1156 1157
1157 1158
1158 1159
1159 1160
1160 1161
1161 1162
1162 1163
1163 1164
1164 1165
1165 1166
1166 1167
1167 1168
1168 1169
1169 1170
1170 1171
1171 1172
1172 1173
1173 1174
1174 1175
1175 1176
1176 1177
1177 1178
1178 1179
1179 1180
1180 1181
1181 1182
1182 1183
1183 1184
1184 1185
1185 1186
1186 1187
1187 1188
1188 1189
1189 1190
1190 1191
1191 1192
1192 1193
1193 1194
1194 1195
1195 1196
1196 1197
1197 1198
1198 1199
1199 1200
1200 1201
1201 1202
1202 1203
1203 1204
1204 1205
1205 1206
1206 1207
1207 1208
1208 1209
1209 1210
1210 1211
1211 1212
1212 1213
1213 1214
1214 1215
1215 1216
1216 1217
1217 1218
1218 1219
1219 1220
1220 1221
1221 1222
1222 1223
1223 1224
1224 1225
1225 1226
1226 1227
1227 1228
1228 1229
1229 1230
1230 1231
1231 1232
1232 1233
1233 1234
1234 1235
1235 1236
1236 1237
1237 1238
1238 1239
1239 1240
1241 1242
1242 1243
1243 1244
1244 1245
1245 1246
1246 1247
1247 1248
1248 1249
1249 1250
1250 1251
1251 1252
1252 1253
1253 1254
1254 1255
1255 1256
1256 1257
1257 1258
1258 1259
1259 1260
1260 1261
1261 1262
1262 1263
1263 1264
1264 1265
1265 1266
1266 1267
1267 1268
1268 1269
1269 1270
1270 1271
1271 1272
1272 1273
1273 1274
1275 1276
1276 1277
1277 1278
1278 1279
1279 1280
1280 1281
1281 1282
1282 1283
1283 1284
1284 1285
1285 1286
1286 1287
1287 1288
1288 1289
1289 1290
1290 1291
1291 1292
1292 1293
1293 1294
1294 1295
1295 1296
1296 1297
1297 1298
1298 1299
1299 1300
1300 1301
1301 1302
1302 1303
1303 1304
1304 1305
1305 1306
1306 1307
1307 1308
1308 1309
1309 1310
1310 1311
1311 1312
1312 1313
1313 1314
1314 1315
1315 1316
1316 1317
1317 1318
1318 1319
1319 1320
1320 1321
1321 1322
1322 1323
1323 1324
1324 1325
1325 1326
1326 1327
1327 1328
1328 1329
1329 1330
1330 1331
1331 1332
1332 1333
1333 1334
1334 1335
1335 1336
1336 1337
1337 1338
1338 1339
1339 1340
1340 1341
1341 1342
1343 1344
1344 1345
1345 1346
1346 1347
1347 1348
1348 1349
1349 1350
1350 1351
1351 1352
1352 1353
1353 1354
1354 1355
1355 1356
1356 1357
1357 1358
1358 1359
1359 1360
1360 1361
1361 1362
1362 1363
1363 1364
1364 1365
1365 1366
1366 1367
1367 1368
1368 1369
1369 1370
1370 1371
1371 1372
1372 1373
1373 1374
1374 1375
1375 1376
1376 1377
1377 1378
1378 1379
1379 1380
1380 1381
1381 1382
1382 1383
1383 1384
1384 1385
1385 1386
1386 1387
1387 1388
1388 1389
1389 1390
1390 1391
1391 1392
1392 1393
1393 1394
1394 1395
1395 1396
1396 1397
1397 1398
1398 1399
1399 1400
1400 1401
1401 1402
1402 1403
1403 1404
1404 1405
1405 1406
1406 1407
1407 1408
1408 1409
1409 1410
1410 1411
1411 1412
1412 1413
1413 1414
1414 1415
1415 1416
1416 1417
1417 1418
1418 1419
1419 1420
1420 1421
1421 1422
1423 1424
1424 1425
1425 1426
1426 1427
1427 1428
1428 1429
1429 1430
1430 1431
1431 1432
1432 1433
1433 1434
1434 1435
1435 1436
1436 1437
1437 1438
1438 1439
1439 1440
1440 1441
1441 1442
1442 1443
1443 1444
1444 1445
1445 1446
1446 1447
1447 1448
1448 1449
1449 1450
1450 1451
1451 1452
1452 1453
1453 1454
1454 1455
1455 1456
1456 1457
1457 1458
1458 1459
1459 1460
1460 1461
1461 1462
1462 1463
1463 1464
1464 1465
1465 1466
1466 1467
1467 1468
1468 1469
1469 1470
1470 1471
1471 1472
1472 1473
1473 1474
1474 1475
1475 1476
1476 1477
1477 1478
1478 1479
1479 1480
1480 1481
1481 1482
1482 1483
1483 1484
1484 1485
1485 1486
1486 1487
1487 1488
1488 1489
1489 1490
1490 1491
1491 1492
1492 1493
1493 1494
1494 1495
1495 1496
1496 1497
1497 1498
1498 1499
1499 1500
1500 1501
1501 1502
1502 1503
1503 1504
1504 1505
1505 1506
1506 1507
1507 1508
1508 1509
1509 1510
1510 1511
1511 1512
1512 1513
1513 1514
1514 1515
1515 1516
1516 1517
1517 1518
1518 1519
1519 1520
1520 1521
1521 1522
1522 1523
1523 1524
1524 1525
1525 1526
1526 1527
1527 1528
1528 1529
1529 1530
1530 1531
1531 1532
1532 1533
1533 1534
1534 1535
1535 1536
1536 1537
1537 1538
1538 1539
1539 1540
1540 1541
1541 1542
1542 1543
1543 1544
1544 1545
1545 1546
1546 1547
1547 1548
1548 1549
1549 1550
1550 1551
1551 1552
1552 1553
1553 1554
1554 1555
1555 1556
1556 1557
1557 1558
1558 1559
1559 1560
1560 1561
1561 1562
1562 1563
1563 1564
1564 1565
1565 1566
1566 1567
1567 1568
1568 1569
1569 1570
1570 1571
1571 1572
1572 1573
1573 1574
1574 1575
1575 1576
1576 1577
1577 1578
1578 1579
1579 1580
1580 1581
1581 1582
1582 1583
1583 1584
1584 1585
1585 1586
1586 1587
1587 1588
1588 1589
1589 1590
1590 1591
1591 1592
1592 1593
1593 1594
1594 1595
1595 1596
1596 1597
1597 1598
1598 1599
1599 1600
1600 1601
1601 1602
1602 1603
1603 1604
1604 1605
1605 1606
1606 1607
1607 1608
1608 1609
1609 1610
1610 1611
1611 1612
1612 1613
1613 1614
1614 1615
1615 1616
1616 1617
1617 1618
1618 1619
1619 1620
1620 1621
1621 1622
1622 1623
1623 1624
1624 1625
1625 1626
1626 1627
1627 1628
1628 1629
1629 1630
1630 1631
1631 1632
1632 1633
1633 1634
1634 1635
1635 1636
1636 1637
1637 1638
1638 1639
1639 1640
1640 1641
1641 1642
1642 1643
1643 1644
1644 1645
1645 1646
1646 1647
1647 1648
1648 1649
1649 1650
1650 1651
1651 1652
1652 1653
1653 1654
1654 1655
1655 1656
1656 1657
1657 1658
1658 1659
1659 1660
1660 1661
1661 1662
1662 1663
1663 1664
1664 1665
1665 1666
1666 1667
1667 1668
1668 1669
1669 1670
1670 1671
1671 1672
1672 1673
1673 1674
1674 1675
1675 1676
1676 1677
1677 1678
1678 1679
1679 1680
1680 1681
1681 1682
1682 1683
1683 1684
1684 1685
1685 1686
1686 1687
1687 1688
1688 1689
1689 1690
1690 1691
1691 1692
1692 1693
1693 1694
1694 1695
1695 1696
1696 1697
1697 1698
1698 1699
1699 1700
1700 1701
1701 1702
1702 1703
1703 1704
1704 1705
1705 1706
1706 1707
1707 1708
1708 1709
1709 1710
1710 1711
1711 1712
1712 1713
1713 1714
1714 1715
1715 1716
1716 1717
1717 1718
1718 1719
1719 1720
1720 1721
1721 1722
1722 1723
1723 1724
1724 1725
1725 1726
1726 1727
1727 1728
1728 1729
1729 1730
1730 1731
1731 1732
1732 1733
1733 1734
1734 1735
1735 1736
1736 1737
1737 1738
1738 1739
1739 1740
1740 1741
1741 1742
1742 1743
1743 1744
1744 1745
1745 1746
1746 1747
1747 1748
1748 1749
1749 1750
1750 1751
1751 1752
1752 1753
1753 1754
1754 1755
1755 1756
1756 1757
1757 1758
1758 1759
1759 1760
1760 1761
1761 1762
1762 1763
1763 1764
1764 1765
1765 1766
1766 1767
1767 1768
1768 1769
1769 1770
1770 1771
1771 1772
1772 1773
1773 1774
1774 1775
1775 1776
1776 1777
1777 1778
1778 1779
1779 1780
1780 1781
1781 1782
1782 1783
1783 1784
1784 1785
1785 1786
1786 1787
1787 1788
1788 1789
1789 1790
1790 1791
1791 1792
1792 1793
1793 1794
1794 1795
1795 1796
1796 1797
1797 1798
1798 1799
1799 1800
1800 1801
1801 1802
1802 1803
1803 1804
1804 1805
1805 1806
1806 1807
1807 1808
1808 1809
1809 1810
1810 1811
1811 1812
1812 1813
1813 1814
1814 1815
1815 1816
1816 1817
1817 1818
1818 1819
1819 1820
1820 1821
1821 1822
1822 1823
1823 1824
1824 1825
1825 1826
1826 1827
1827 1828
1828 1829
1829 1830
1830 1831
1831 1832
1832 1833
1833 1834
1834 1835
1835 1836
1836 1837
1837 1838
1838 1839
1839 1840
1840 1841
1841 1842
1842 1843
1843 1844
1844 1845
1845 1846
1846 1847
1847 1848
1848 1849
1849 1850
1850 1851
1851 1852
1852 1853
1853 1854
1854 1855
1855 1856
1856 1857
1857 1858
1858 1859
1859 1860
1860 1861
1861 1862
1862 1863
1863 1864
1864 1865
1865 1866
1866 1867
1867 1868
1868 1869
1869 1870
1870 1871
1871 1872
1872 1873
1873 1874
1874 1875
1875 1876
1876 1877
1877 1878
1878 1879
1879 1880
1880 1881
1881 1882
1882 1883
1883 1884
1884 1885
1885 1886
1886 1887
1887 1888
1888 1889
1889 1890
1890 1891
1891 1892
1892 1893
1893 1894
1894 1895
1895 1896
1896 1897
1897 1898
1898 1899
1899 1900
1900 1901
1901 1902
1902 1903
1903 1904
1904 1905
1905 1906
1906 1907
1907 1908
1908 1909
1909 1910
1910 1911
1911 1912
1912 1913
1913 1914
1914 1915
1915 1916
1916 1917
1917 1918
1918 1919
1919 1920
1920 1921
1921 1922
1922 1923
1923 1924
1924 1925
1925 1926
1926 1927
1927 1928
1928 1929
1929 1930
1930 1931
1931 1932
1932 1933
1933 1934
1934 1935
1935 1936
1936 1937
1937 1938
1938 1939
1939 1940
1940 1941
1941 1942
1942 1943
1943 1944
1944 1945
1945 1946
1946 1947
1947 1948
1948 1949
1949 1950
1950 1951
1951 1952
1952 1953
1953 1954
1954 1955
1955 1956
1956 1957
1957 1958
1958 1959
1959 1960
1960 1961
1961 1962
1962 1963
1963 1964
1965 1966
1966 1967
1967 1968
1968 1969
1969 1970
1970 1971
1971 1972
1973 1974
1974 1975
1975 1976
1976 1977
1977 1978
1978 1979
1979 1980
1981 1982
1982 1983
1983 1984
1984 1985
1985 1986
1986 1987
1987 1988
