1178
140 35
139 36
138 36
135 39
135 40
134 41
134 47
135 48
135 50
136 51
136 53
137 54
137 62
138 63
138 65
139 66
139 68
140 69
140 74
141 75
141 77
142 78
142 80
143 81
143 87
144 88
144 90
145 91
145 93
146 94
146 99
147 100
147 102
148 103
148 105
149 106
149 114
150 115
150 117
151 118
151 120
152 121
152 129
153 130
153 131
154 132
154 133
159 138
160 138
165 143
165 144
164 145
153 145
152 144
150 144
149 143
147 143
146 142
128 142
127 141
125 141
124 140
122 140
121 139
104 139
103 138
101 138
100 137
98 137
97 136
78 136
77 135
75 135
74 134
73 134
72 133
70 133
69 132
43 132
42 133
41 133
40 134
39 134
38 135
38 136
37 137
37 138
36 139
36 145
37 146
37 147
38 148
38 149
64 175
65 175
74 184
74 185
76 187
76 188
77 189
77 190
80 193
80 194
105 219
106 219
108 221
109 221
110 222
111 222
112 223
114 223
115 224
117 224
118 225
120 225
121 226
123 226
124 227
130 227
131 228
133 228
134 229
136 229
137 230
142 230
143 231
145 231
146 232
148 232
149 233
154 233
155 234
157 234
158 235
160 235
161 236
163 236
164 237
166 237
167 238
169 238
170 239
179 239
180 240
182 240
183 241
185 241
186 242
191 242
192 243
194 243
195 244
197 244
198 245
203 245
204 246
206 246
207 247
209 247
210 248
214 248
215 249
217 249
218 250
219 250
220 251
221 251
222 252
224 252
225 253
227 253
228 254
230 254
231 255
237 255
238 256
240 256
241 257
243 257
244 258
252 258
253 259
255 259
256 260
258 260
259 261
264 261
265 262
267 262
268 263
270 263
271 264
273 264
274 265
275 265
276 266
277 266
281 270
281 271
282 272
282 273
283 274
283 282
284 283
284 285
285 286
285 288
286 289
286 300
287 301
287 303
288 304
288 306
289 307
289 318
290 319
290 321
291 322
291 323
292 324
292 326
293 327
293 337
294 338
294 341
292 343
292 344
291 345
290 345
289 346
288 346
287 347
286 347
285 348
284 348
283 349
282 349
281 350
280 350
279 351
278 351
277 352
276 352
275 353
274 353
273 354
272 354
271 355
270 355
269 356
268 356
267 357
266 357
265 358
264 358
263 359
262 359
261 360
260 360
259 361
258 361
256 363
255 363
253 365
252 365
251 366
250 366
249 367
248 367
247 368
246 368
245 369
244 369
243 370
242 370
241 371
240 371
239 372
238 372
237 373
236 373
235 374
233 374
232 375
231 375
230 376
229 376
228 377
227 377
226 378
225 378
224 379
223 379
222 380
221 380
220 381
219 381
218 382
217 382
216 383
215 383
214 384
213 384
212 385
211 385
210 386
209 386
208 387
207 387
206 388
205 388
204 389
203 389
202 390
201 390
200 391
199 391
198 392
197 392
196 393
195 393
194 394
193 394
192 395
191 395
190 396
189 396
188 397
187 397
186 398
185 398
183 400
182 400
180 402
179 402
178 403
177 403
176 404
175 404
174 405
173 405
172 406
171 406
170 407
169 407
168 408
167 408
166 409
165 409
164 410
163 410
162 411
161 411
160 412
159 412
158 413
157 413
156 414
155 414
154 415
153 415
152 416
151 416
150 417
149 417
148 418
147 418
146 419
145 419
143 421
142 421
140 423
139 423
138 424
137 424
136 425
135 425
134 426
133 426
132 427
131 427
130 428
129 428
128 429
127 429
126 430
122 430
121 429
120 429
112 421
112 420
108 416
108 415
106 413
106 412
102 408
101 408
100 407
82 407
81 408
79 408
78 409
76 409
75 410
70 410
69 411
67 411
66 412
64 412
63 413
57 413
56 414
54 414
53 415
51 415
50 416
48 416
47 417
46 417
41 422
41 423
40 424
40 425
39 426
39 432
40 433
40 435
41 436
41 438
42 439
42 444
43 445
43 447
44 448
44 450
45 451
45 459
46 460
46 462
47 463
47 465
48 466
48 474
49 475
49 477
50 478
50 480
51 481
51 490
52 491
52 493
53 494
53 496
54 497
54 502
55 503
55 504
56 505
56 506
59 509
60 509
61 510
62 510
63 511
93 511
94 512
96 512
97 513
99 513
100 514
113 514
118 519
118 532
119 533
119 535
120 536
120 538
121 539
121 574
122 575
122 577
123 578
123 579
124 580
124 582
125 583
125 594
126 595
126 596
127 597
127 598
136 607
137 607
139 609
140 609
142 611
143 611
151 619
152 619
154 621
155 621
157 623
158 623
166 631
167 631
169 633
170 633
172 635
173 635
176 638
177 638
180 641
181 641
182 642
183 642
185 644
186 644
196 654
197 654
200 657
201 657
209 665
210 665
212 667
213 667
215 669
216 669
218 671
219 671
220 672
221 672
222 673
414 673
418 669
418 661
417 660
417 659
413 655
412 655
411 654
410 654
409 653
408 653
407 652
406 652
405 651
404 651
403 650
402 650
400 648
399 648
397 646
396 646
394 644
393 644
391 642
390 642
389 641
388 641
387 640
386 640
385 639
384 639
383 638
382 638
381 637
380 637
379 636
378 636
377 635
376 635
375 634
374 634
373 633
372 633
370 631
369 631
367 629
366 629
364 627
363 627
361 625
361 621
362 620
363 620
364 619
366 619
367 618
396 618
397 617
399 617
400 616
402 616
403 615
418 615
419 614
420 614
421 613
422 613
424 611
424 610
425 609
425 608
426 607
426 605
425 604
425 603
424 602
424 601
419 596
418 596
417 595
417 593
420 590
421 590
422 589
423 589
426 586
426 585
427 584
427 575
426 574
426 572
425 571
425 570
424 569
424 568
422 566
422 565
420 563
420 562
418 560
418 559
417 558
417 557
416 556
416 554
415 553
415 551
414 550
414 548
413 547
413 546
412 545
412 544
411 543
411 542
410 541
410 540
409 539
409 538
408 537
408 536
407 535
407 531
409 529
411 529
412 530
414 530
415 531
417 531
418 532
423 532
424 533
426 533
427 534
429 534
430 535
439 535
440 534
441 534
444 531
444 530
445 529
445 526
444 525
444 523
443 522
443 521
442 520
442 519
441 518
441 517
440 516
440 515
439 514
439 513
437 511
437 510
435 508
435 507
433 505
433 504
431 502
431 501
429 499
429 498
427 496
427 495
426 494
426 493
425 492
425 491
424 490
424 489
422 487
422 486
420 484
420 483
419 482
419 481
417 479
417 478
416 477
416 476
414 474
414 473
412 471
412 470
411 469
411 468
410 467
410 466
408 464
408 463
405 460
405 459
402 456
402 455
401 454
401 453
400 452
400 451
399 450
399 449
398 448
398 442
399 441
399 439
400 438
400 436
401 435
401 433
402 432
402 430
403 429
403 427
404 426
404 424
405 423
405 421
406 420
406 418
407 417
407 416
408 415
408 414
409 413
409 411
410 410
410 408
411 407
411 405
412 404
412 402
413 401
413 399
414 398
414 396
415 395
415 393
416 392
416 390
417 389
417 387
418 386
418 385
419 384
419 383
424 378
425 378
433 370
434 370
437 367
438 367
445 360
446 360
448 358
449 358
451 356
452 356
457 351
458 351
459 350
460 350
462 348
463 348
464 347
465 347
470 342
471 342
473 340
474 340
476 338
477 338
482 333
483 333
485 331
486 331
488 329
489 329
494 324
495 324
497 322
498 322
500 320
501 320
506 315
507 315
509 313
510 313
516 307
516 306
517 305
517 304
518 303
518 297
517 296
517 294
516 293
516 291
515 290
515 285
514 284
514 282
513 281
513 279
512 278
512 273
511 272
511 270
510 269
510 267
509 266
509 258
508 257
508 255
507 254
507 253
506 252
506 251
504 249
504 248
502 246
501 246
499 244
498 244
497 243
496 243
495 242
494 242
493 241
492 241
491 240
489 240
488 239
486 239
485 238
483 238
482 237
481 237
480 236
479 236
478 235
477 235
476 234
475 234
474 233
473 233
472 232
471 232
470 231
469 231
468 230
467 230
466 229
465 229
464 228
463 228
462 227
460 227
459 226
458 226
457 225
456 225
455 224
454 224
453 223
452 223
451 222
450 222
449 221
448 221
447 220
446 220
445 219
444 219
443 218
442 218
441 217
440 217
439 216
438 216
437 215
436 215
435 214
434 214
433 213
432 213
431 212
430 212
429 211
428 211
427 210
426 210
425 209
424 209
423 208
422 208
421 207
419 207
418 206
416 206
415 205
414 205
413 204
412 204
410 202
409 202
408 201
407 201
405 199
404 199
403 198
402 198
400 196
399 196
397 194
396 194
385 183
384 183
382 181
381 181
379 179
378 179
373 174
372 174
370 172
369 172
367 170
366 170
361 165
360 165
358 163
357 163
355 161
354 161
350 157
349 157
345 153
344 153
342 151
341 151
339 149
338 149
333 144
332 144
330 142
329 142
327 140
326 140
319 133
318 133
315 130
314 130
306 122
305 122
303 120
302 120
300 118
299 118
295 114
294 114
290 110
289 110
287 108
286 108
284 106
283 106
278 101
277 101
275 99
274 99
272 97
271 97
263 89
262 89
260 87
259 87
257 85
256 85
254 83
253 83
251 81
250 81
249 80
248 80
247 79
246 79
245 78
244 78
242 76
241 76
240 75
239 75
238 74
237 74
236 73
235 73
234 72
232 72
231 71
229 71
228 70
226 70
225 69
224 69
223 68
222 68
221 67
220 67
219 66
218 66
217 65
216 65
215 64
214 64
213 63
212 63
211 62
210 62
209 61
208 61
207 60
205 60
204 59
202 59
201 58
199 58
198 57
197 57
196 56
195 56
194 55
193 55
192 54
191 54
190 53
189 53
188 52
187 52
186 51
185 51
184 50
182 50
181 49
180 49
179 48
178 48
177 47
176 47
175 46
174 46
173 45
171 45
170 44
168 44
167 43
165 43
164 42
163 42
162 41
161 41
160 40
159 40
158 39
157 39
156 38
155 38
154 37
153 37
152 36
150 36
149 35
246 655
295 607
381 660
303 595
328 576
381 602
341 560
402 586
322 554
228 655
150 596
87 475
105 499
78 493
387 466
415 514
384 499
111 455
118 459
116 484
100 466
62 445
80 464
68 483
102 433
108 443
98 450
97 436
64 430
84 423
87 445
325 409
400 563
350 532
280 370
139 568
128 448
303 366
338 534
152 579
321 358
404 381
373 467
402 280
406 365
322 346
496 274
502 298
449 338
481 261
418 354
412 272
406 223
474 252
417 258
394 219
399 262
310 335
296 260
199 171
371 213
307 235
125 205
156 163
294 245
65 151
138 164
110 201
289 133
369 193
329 187
184 125
246 99
300 170
1153
0 1
1 2
2 3
3 4
4 5
5 6
6 7
7 8
8 9
9 10
10 11
11 12
12 13
13 14
14 15
15 16
16 17
17 18
18 19
19 20
20 21
21 22
22 23
23 24
24 25
25 26
26 27
27 28
28 29
29 30
30 31
31 32
32 33
33 34
34 35
35 36
36 37
37 38
38 39
39 40
40 41
41 42
42 43
43 44
44 45
45 46
46 47
47 48
48 49
49 50
50 51
51 52
52 53
53 54
54 55
55 56
56 57
57 58
58 59
59 60
60 61
61 62
62 63
63 64
64 65
65 66
66 67
67 68
68 69
69 70
70 71
71 72
72 73
73 74
74 75
75 76
76 77
77 78
78 79
79 80
80 81
81 82
82 83
83 84
84 85
85 86
86 87
87 88
88 89
89 90
90 91
91 92
92 93
93 94
94 95
95 96
96 97
97 98
98 99
99 100
100 101
101 102
102 103
103 104
104 105
105 106
106 107
107 108
108 109
109 110
110 111
111 112
112 113
113 114
114 115
115 116
116 117
117 118
118 119
119 120
120 121
121 122
122 123
123 124
124 125
125 126
126 127
127 128
128 129
129 130
130 131
131 132
132 133
133 134
134 135
135 136
136 137
137 138
138 139
139 140
140 141
141 142
142 143
143 144
144 145
145 146
146 147
147 148
148 149
149 150
150 151
151 152
152 153
153 154
154 155
155 156
156 157
157 158
158 159
159 160
160 161
161 162
162 163
163 164
164 165
165 166
166 167
167 168
168 169
169 170
170 171
171 172
172 173
173 174
174 175
175 176
176 177
177 178
178 179
179 180
180 181
181 182
182 183
183 184
184 185
185 186
186 187
187 188
188 189
189 190
190 191
191 192
192 193
193 194
194 195
195 196
196 197
197 198
198 199
199 200
200 201
201 202
202 203
203 204
204 205
205 206
206 207
207 208
208 209
209 210
210 211
211 212
212 213
213 214
214 215
215 216
216 217
217 218
218 219
219 220
220 221
221 222
222 223
223 224
224 225
225 226
226 227
227 228
228 229
229 230
230 231
231 232
232 233
233 234
234 235
235 236
236 237
237 238
238 239
239 240
240 241
241 242
242 243
243 244
244 245
245 246
246 247
247 248
248 249
249 250
250 251
251 252
252 253
253 254
254 255
255 256
256 257
257 258
258 259
259 260
260 261
261 262
262 263
263 264
264 265
265 266
266 267
267 268
268 269
269 270
270 271
271 272
272 273
273 274
274 275
275 276
276 277
277 278
278 279
279 280
280 281
281 282
282 283
283 284
284 285
285 286
286 287
287 288
288 289
289 290
290 291
291 292
292 293
293 294
294 295
295 296
296 297
297 298
298 299
299 300
300 301
301 302
302 303
303 304
304 305
305 306
306 307
307 308
308 309
309 310
310 311
311 312
312 313
313 314
314 315
315 316
316 317
317 318
318 319
319 320
320 321
321 322
322 323
323 324
324 325
325 326
326 327
327 328
328 329
329 330
330 331
331 332
332 333
333 334
334 335
335 336
336 337
337 338
338 339
339 340
340 341
341 342
342 343
343 344
344 345
345 346
346 347
347 348
348 349
349 350
350 351
351 352
352 353
353 354
354 355
355 356
356 357
357 358
358 359
359 360
360 361
361 362
362 363
363 364
364 365
365 366
366 367
367 368
368 369
369 370
370 371
371 372
372 373
373 374
374 375
375 376
376 377
377 378
378 379
379 380
380 381
381 382
382 383
383 384
384 385
385 386
386 387
387 388
388 389
389 390
390 391
391 392
392 393
393 394
394 395
395 396
396 397
397 398
398 399
399 400
400 401
401 402
402 403
403 404
404 405
405 406
406 407
407 408
408 409
409 410
410 411
411 412
412 413
413 414
414 415
415 416
416 417
417 418
418 419
419 420
420 421
421 422
422 423
423 424
424 425
425 426
426 427
427 428
428 429
429 430
430 431
431 432
432 433
433 434
434 435
435 436
436 437
437 438
438 439
439 440
440 441
441 442
442 443
443 444
444 445
445 446
446 447
447 448
448 449
449 450
450 451
451 452
452 453
453 454
454 455
455 456
456 457
457 458
458 459
459 460
460 461
461 462
462 463
463 464
464 465
465 466
466 467
467 468
468 469
469 470
470 471
471 472
472 473
473 474
474 475
475 476
476 477
477 478
478 479
479 480
480 481
481 482
482 483
483 484
484 485
485 486
486 487
487 488
488 489
489 490
490 491
491 492
492 493
493 494
494 495
495 496
496 497
497 498
498 499
499 500
500 501
501 502
502 503
503 504
504 505
505 506
506 507
507 508
508 509
509 510
510 511
511 512
512 513
513 514
514 515
515 516
516 517
517 518
518 519
519 520
520 521
521 522
522 523
523 524
524 525
525 526
526 527
527 528
528 529
529 530
530 531
531 532
532 533
533 534
534 535
535 536
536 537
537 538
538 539
539 540
540 541
541 542
542 543
543 544
544 545
545 546
546 547
547 548
548 549
549 550
550 551
551 552
552 553
553 554
554 555
555 556
556 557
557 558
558 559
559 560
560 561
561 562
562 563
563 564
564 565
565 566
566 567
567 568
568 569
569 570
570 571
571 572
572 573
573 574
574 575
575 576
576 577
577 578
578 579
579 580
580 581
581 582
582 583
583 584
584 585
585 586
586 587
587 588
588 589
589 590
590 591
591 592
592 593
593 594
594 595
595 596
596 597
597 598
598 599
599 600
600 601
601 602
602 603
603 604
604 605
605 606
606 607
607 608
608 609
609 610
610 611
611 612
612 613
613 614
614 615
615 616
616 617
617 618
618 619
619 620
620 621
621 622
622 623
623 624
624 625
625 626
626 627
627 628
628 629
629 630
630 631
631 632
632 633
633 634
634 635
635 636
636 637
637 638
638 639
639 640
640 641
641 642
642 643
643 644
644 645
645 646
646 647
647 648
648 649
649 650
650 651
651 652
652 653
653 654
654 655
655 656
656 657
657 658
658 659
659 660
660 661
661 662
662 663
663 664
664 665
665 666
666 667
667 668
668 669
669 670
670 671
671 672
672 673
673 674
674 675
675 676
676 677
677 678
678 679
679 680
680 681
681 682
682 683
683 684
684 685
685 686
686 687
687 688
688 689
689 690
690 691
691 692
692 693
693 694
694 695
695 696
696 697
697 698
698 699
699 700
700 701
701 702
702 703
703 704
704 705
705 706
706 707
707 708
708 709
709 710
710 711
711 712
712 713
713 714
714 715
715 716
716 717
717 718
718 719
719 720
720 721
721 722
722 723
723 724
724 725
725 726
726 727
727 728
728 729
729 730
730 731
731 732
732 733
733 734
734 735
735 736
736 737
737 738
738 739
739 740
740 741
741 742
742 743
743 744
744 745
745 746
746 747
747 748
748 749
749 750
750 751
751 752
752 753
753 754
754 755
755 756
756 757
757 758
758 759
759 760
760 761
761 762
762 763
763 764
764 765
765 766
766 767
767 768
768 769
769 770
770 771
771 772
772 773
773 774
774 775
775 776
776 777
777 778
778 779
779 780
780 781
781 782
782 783
783 784
784 785
785 786
786 787
787 788
788 789
789 790
790 791
791 792
792 793
793 794
794 795
795 796
796 797
797 798
798 799
799 800
800 801
801 802
802 803
803 804
804 805
805 806
806 807
807 808
808 809
809 810
810 811
811 812
812 813
813 814
814 815
815 816
816 817
817 818
818 819
819 820
820 821
821 822
822 823
823 824
824 825
825 826
826 827
827 828
828 829
829 830
830 831
831 832
832 833
833 834
834 835
835 836
836 837
837 838
838 839
839 840
840 841
841 842
842 843
843 844
844 845
845 846
846 847
847 848
848 849
849 850
850 851
851 852
852 853
853 854
854 855
855 856
856 857
857 858
858 859
859 860
860 861
861 862
862 863
863 864
864 865
865 866
866 867
867 868
868 869
869 870
870 871
871 872
872 873
873 874
874 875
875 876
876 877
877 878
878 879
879 880
880 881
881 882
882 883
883 884
884 885
885 886
886 887
887 888
888 889
889 890
890 891
891 892
892 893
893 894
894 895
895 896
896 897
897 898
898 899
899 900
900 901
901 902
902 903
903 904
904 905
905 906
906 907
907 908
908 909
909 910
910 911
911 912
912 913
913 914
914 915
915 916
916 917
917 918
918 919
919 920
920 921
921 922
922 923
923 924
924 925
925 926
926 927
927 928
928 929
929 930
930 931
931 932
932 933
933 934
934 935
935 936
936 937
937 938
938 939
939 940
940 941
941 942
942 943
943 944
944 945
945 946
946 947
947 948
948 949
949 950
950 951
951 952
952 953
953 954
954 955
955 956
956 957
957 958
958 959
959 960
960 961
961 962
962 963
963 964
964 965
965 966
966 967
967 968
968 969
969 970
970 971
971 972
972 973
973 974
974 975
975 976
976 977
977 978
978 979
979 980
980 981
981 982
982 983
983 984
984 985
985 986
986 987
987 988
988 989
989 990
990 991
991 992
992 993
993 994
994 995
995 996
996 997
997 998
998 999
999 1000
1000 1001
1001 1002
1002 1003
1003 1004
1004 1005
1005 1006
1006 1007
1007 1008
1008 1009
1009 1010
1010 1011
1011 1012
1012 1013
1013 1014
1014 1015
1015 1016
1016 1017
1017 1018
1018 1019
1019 1020
1020 1021
1021 1022
1022 1023
1023 1024
1024 1025
1025 1026
1026 1027
1027 1028
1028 1029
1029 1030
1030 1031
1031 1032
1032 1033
1033 1034
1034 1035
1035 1036
1036 1037
1037 1038
1038 1039
1039 1040
1040 1041
1041 1042
1042 1043
1043 1044
1044 1045
1045 1046
1046 1047
1047 1048
1048 1049
1049 1050
1050 1051
1051 1052
1052 1053
1053 1054
1054 1055
1055 1056
1056 1057
1057 1058
1058 1059
1059 1060
1060 1061
1061 1062
1062 1063
1063 1064
1064 1065
1065 1066
1066 1067
1067 1068
1068 1069
1069 1070
1070 1071
1071 1072
1072 1073
1073 1074
1074 1075
1075 1076
1076 1077
1077 1078
1078 1079
1079 1080
1080 1081
1081 1082
1082 1083
1083 1084
1084 1085
1085 1086
1086 1087
1087 1088
1088 1089
1089 1090
1090 1091
1091 1092
1092 1093
1093 1094
1094 1095
1095 1096
1096 1097
1097 1098
1098 1099
1099 1100
1100 1101
1101 1102
1102 1103
1104 1105
1105 1106
1107 1108
1108 1109
1110 1111
1112 1113
1113 1114
1115 1116
1116 1117
1118 1119
1119 1120
1121 1122
1122 1123
1123 1124
1125 1126
1126 1127
1128 1129
1129 1130
1130 1131
1132 1133
1133 1134
1135 1136
1136 1137
1138 1139
1139 1140
1141 1142
1142 1143
1144 1145
1145 1146
1147 1148
1148 1149
1150 1151
1151 1152
1153 1154
1154 1155
1156 1157
1157 1158
1159 1160
1160 1161
1161 1162
1163 1164
1164 1165
1166 1167
1167 1168
1169 1170
1170 1171
1172 1173
1173 1174
1175 1176
1176 1177
