3665
326 15
325 16
324 16
323 17
322 17
317 22
316 22
297 41
297 42
292 47
292 48
287 53
287 54
285 56
285 57
283 59
283 60
278 65
278 66
272 72
269 72
267 70
267 67
268 66
268 65
269 64
269 63
277 55
277 54
279 52
279 51
281 49
281 48
295 34
295 33
296 32
296 31
298 29
298 28
299 27
299 26
300 25
300 23
301 22
300 21
300 20
299 20
298 19
295 19
294 20
293 20
291 22
290 22
288 24
287 24
285 26
284 26
275 35
275 36
270 41
270 42
265 47
265 48
257 56
257 57
256 58
256 59
255 60
255 65
254 66
254 67
253 68
253 69
246 76
245 76
244 77
243 77
242 78
228 78
227 79
225 79
224 80
222 80
221 81
216 81
215 82
213 82
212 83
210 83
209 84
207 84
206 85
200 85
199 84
198 84
197 83
196 83
195 82
193 82
192 81
190 81
189 80
187 80
186 79
184 79
183 78
178 78
177 77
175 77
174 76
172 76
171 75
169 75
168 74
166 74
165 73
163 73
162 72
160 72
159 71
157 71
156 70
154 70
153 69
145 69
144 68
142 68
141 67
139 67
138 66
130 66
129 65
127 65
126 64
124 64
123 63
88 63
87 62
84 62
83 61
80 61
79 62
78 62
77 63
76 63
74 65
74 66
73 67
73 68
72 69
72 71
71 72
71 74
70 75
70 77
69 78
69 104
68 105
68 107
67 108
67 110
66 111
66 128
65 129
65 132
64 133
64 137
65 138
65 141
66 142
66 149
65 150
65 152
64 153
64 155
63 156
63 162
64 163
64 165
65 166
65 168
66 169
66 189
67 190
67 192
68 193
68 199
67 200
67 201
65 203
65 204
63 206
63 207
62 208
62 209
61 210
61 212
60 213
60 215
59 216
59 218
58 219
58 221
57 222
57 227
56 228
56 230
55 231
55 233
54 234
54 236
53 237
53 239
52 240
52 242
51 243
51 269
50 270
50 272
49 273
49 275
48 276
48 297
49 298
49 300
50 301
50 303
51 304
51 309
52 310
52 312
53 313
53 315
54 316
54 318
55 319
55 321
56 322
56 323
57 324
57 325
58 326
58 327
59 328
59 330
60 331
60 336
61 337
61 339
62 340
62 341
63 342
63 343
64 344
64 345
65 346
65 348
66 349
66 351
67 352
67 354
68 355
68 356
69 357
69 358
71 360
71 361
76 366
76 367
78 369
78 370
79 371
79 372
80 373
80 374
81 375
81 376
83 378
83 379
85 381
85 382
87 384
87 385
88 386
88 387
89 388
89 389
88 390
88 391
85 394
84 394
83 395
81 395
80 396
75 396
74 397
72 397
71 398
69 398
68 399
66 399
65 400
63 400
62 401
60 401
59 402
57 402
56 403
54 403
53 404
51 404
50 405
45 405
44 406
43 406
41 408
41 409
40 410
41 411
41 412
42 413
43 413
44 414
51 414
52 413
54 413
55 412
57 412
58 411
60 411
61 410
63 410
64 409
66 409
67 408
72 408
73 407
75 407
76 406
78 406
79 405
81 405
82 404
84 404
85 403
87 403
88 402
90 402
91 401
93 401
94 400
100 400
101 401
102 401
114 413
114 417
111 420
110 420
109 421
108 421
107 422
106 422
105 423
104 423
103 424
102 424
101 425
100 425
99 426
98 426
97 427
96 427
95 428
94 428
93 429
92 429
91 430
90 430
89 431
88 431
87 432
86 432
85 433
84 433
83 434
82 434
81 435
80 435
78 437
77 437
75 439
74 439
70 443
70 446
73 449
79 449
80 448
81 448
82 447
83 447
87 443
88 443
90 441
91 441
92 440
93 440
94 439
95 439
96 438
97 438
98 437
99 437
100 436
101 436
102 435
103 435
104 434
105 434
106 433
107 433
108 432
109 432
110 431
111 431
112 430
114 430
115 429
117 429
118 428
120 428
121 427
122 427
123 426
124 426
125 425
130 425
131 426
132 426
134 428
135 428
137 430
138 430
140 432
141 432
142 433
143 433
144 434
145 434
146 435
147 435
148 436
149 436
150 437
151 437
152 438
153 438
154 439
154 440
155 441
155 443
152 446
151 446
141 456
140 456
138 458
137 458
135 460
134 460
126 468
125 468
123 470
122 470
118 474
118 475
117 476
117 478
121 482
123 482
124 481
125 481
126 480
127 480
138 469
139 469
141 467
142 467
144 465
145 465
153 457
154 457
156 455
157 455
159 453
160 453
164 449
165 449
166 448
172 448
173 449
176 449
177 450
179 450
180 451
181 451
182 452
183 452
184 453
185 453
186 454
188 454
189 455
197 455
198 456
200 456
201 457
203 457
204 458
215 458
216 459
218 459
219 460
221 460
222 461
224 461
225 462
227 462
231 466
231 470
229 472
229 473
227 475
227 476
225 478
225 479
223 481
223 482
221 484
221 485
219 487
219 488
218 489
218 490
217 491
217 492
216 493
216 494
214 496
214 497
212 499
212 500
210 502
210 503
209 504
209 505
208 506
208 507
207 508
207 509
206 510
206 511
205 512
205 513
204 514
204 515
203 516
203 517
202 518
202 519
201 520
201 521
200 522
200 523
199 524
199 526
198 527
198 529
197 530
197 532
196 533
196 535
195 536
195 538
194 539
194 541
193 542
193 544
192 545
192 550
191 551
191 553
190 554
190 556
189 557
189 559
188 560
188 562
187 563
187 565
186 566
186 568
185 569
185 571
184 572
184 574
183 575
183 580
182 581
182 583
181 584
181 586
180 587
180 601
179 602
179 604
178 605
178 607
177 608
177 625
176 626
176 628
175 629
175 631
174 632
174 659
175 660
175 662
176 663
176 665
177 666
177 686
178 687
178 689
179 690
179 692
180 693
180 704
181 705
181 707
182 708
182 710
183 711
183 712
187 716
188 716
189 717
191 717
192 718
194 718
195 719
204 719
205 718
207 718
208 717
210 717
211 716
221 716
222 717
223 717
224 718
225 718
230 723
231 723
233 725
234 725
235 726
236 726
237 727
238 727
239 728
240 728
241 729
242 729
243 730
244 730
245 731
246 731
247 732
248 732
249 733
251 733
252 734
257 734
258 735
260 735
261 736
263 736
264 737
273 737
274 736
276 736
277 735
279 735
280 734
282 734
283 733
285 733
286 732
287 732
288 731
289 731
290 730
291 730
292 729
293 729
297 725
298 725
299 724
302 724
304 726
305 726
307 728
308 728
309 729
310 729
311 730
313 730
314 731
316 731
317 732
319 732
320 733
322 733
323 734
328 734
331 737
331 739
326 744
325 744
318 751
318 752
313 757
313 758
311 760
311 761
310 762
310 763
309 764
309 765
308 766
308 767
306 769
306 770
304 772
304 773
303 774
303 775
302 776
302 778
301 779
301 781
300 782
300 784
299 785
299 809
300 810
300 812
301 813
301 815
302 816
302 827
303 828
303 829
304 830
304 831
306 833
306 834
308 836
308 837
309 838
309 839
310 840
310 841
311 842
311 843
313 845
313 846
319 852
320 852
322 854
323 854
325 856
326 856
331 861
332 861
333 862
334 862
335 863
337 863
338 862
339 862
342 859
342 858
343 857
343 855
344 854
344 831
345 830
345 828
346 827
346 826
347 825
347 824
349 822
349 821
356 814
357 814
358 813
359 813
360 812
362 812
363 811
365 811
366 810
367 810
368 809
369 809
370 808
371 808
372 807
374 807
375 806
377 806
378 805
380 805
381 804
383 804
384 803
413 803
414 802
416 802
417 801
419 801
420 800
425 800
426 799
428 799
429 798
431 798
432 797
434 797
435 796
437 796
438 795
440 795
441 794
464 794
465 793
467 793
468 792
469 792
470 791
471 791
472 790
473 790
474 789
475 789
476 788
477 788
478 787
479 787
480 786
481 786
482 785
483 785
484 784
485 784
486 783
487 783
488 782
489 782
490 781
491 781
492 780
493 780
494 779
495 779
497 777
498 777
504 771
504 770
506 768
506 767
508 765
508 764
510 762
510 761
512 759
512 758
513 757
513 756
514 755
514 754
515 753
515 752
516 751
516 750
517 749
517 748
518 747
518 746
519 745
519 744
520 743
520 741
521 740
521 732
522 731
522 729
523 728
523 726
524 725
524 692
523 691
523 689
522 688
522 686
521 685
521 680
520 679
520 677
519 676
519 675
518 674
518 673
517 672
517 671
516 670
516 669
515 668
515 667
513 665
513 664
492 643
491 643
489 641
488 641
487 640
486 640
485 639
483 639
482 638
480 638
479 637
477 637
476 636
475 636
474 635
473 635
472 634
471 634
470 633
469 633
468 632
467 632
466 631
465 631
464 630
462 630
461 629
441 629
440 628
438 628
437 627
435 627
434 626
433 626
428 621
428 620
427 619
427 617
426 616
426 614
425 613
425 605
424 604
424 602
423 601
423 599
422 598
422 596
421 595
421 593
420 592
420 590
419 589
419 584
418 583
418 581
417 580
417 578
416 577
416 572
415 571
415 569
414 568
414 567
413 566
413 565
412 564
412 563
411 562
411 560
410 559
410 557
409 556
409 554
408 553
408 552
407 551
407 550
406 549
406 548
405 547
405 546
404 545
404 544
403 543
403 542
402 541
402 540
401 539
401 538
400 537
400 536
399 535
399 534
398 533
398 532
397 531
397 530
396 529
396 527
395 526
395 524
394 523
394 522
393 521
393 520
391 518
391 517
389 515
389 514
388 513
388 512
387 511
387 510
386 509
386 508
384 506
384 505
382 503
382 502
380 500
380 499
379 498
379 497
378 496
378 495
374 491
374 490
369 485
369 484
364 479
364 478
362 476
362 475
360 473
360 472
356 468
356 467
355 466
355 465
356 464
356 463
358 461
359 461
360 460
362 460
363 459
365 459
366 458
371 458
372 457
374 457
375 456
377 456
378 455
383 455
384 454
386 454
387 453
388 453
389 452
390 452
391 451
392 451
393 450
394 450
395 449
397 449
398 448
400 448
401 447
407 447
408 446
409 446
410 445
411 445
413 443
414 443
416 441
417 441
418 440
419 440
420 439
421 439
422 438
423 438
425 436
426 436
428 434
429 434
431 432
432 432
433 431
434 431
435 430
436 430
437 429
438 429
440 427
441 427
446 422
447 422
449 420
450 420
452 418
453 418
458 413
459 413
461 411
462 411
463 410
464 410
465 409
467 409
468 408
472 408
473 409
475 409
476 410
478 410
479 411
490 411
491 412
493 412
494 413
496 413
497 414
502 414
503 415
505 415
506 416
508 416
509 417
514 417
515 418
517 418
518 419
520 419
521 420
535 420
539 416
539 415
535 411
528 411
527 410
525 410
524 409
522 409
521 408
507 408
506 407
504 407
503 406
501 406
500 405
492 405
491 404
489 404
488 403
486 403
485 402
483 402
481 400
481 399
480 398
480 397
486 391
487 391
488 390
514 390
515 391
517 391
518 392
520 392
521 393
526 393
527 394
529 394
530 395
532 395
533 396
536 396
537 395
538 395
540 393
540 392
541 391
540 390
540 389
536 385
534 385
533 384
516 384
515 383
513 383
512 382
510 382
509 381
501 381
498 378
498 375
500 373
500 372
505 367
506 367
507 366
511 366
512 367
514 367
515 368
517 368
518 369
526 369
527 370
529 370
530 371
532 371
533 372
538 372
542 368
542 366
541 365
541 364
538 361
537 361
536 360
515 360
514 359
513 359
512 358
512 357
511 356
511 353
512 352
512 351
513 350
513 349
514 348
514 347
515 346
515 345
516 344
516 343
517 342
517 341
518 340
518 339
519 338
519 337
520 336
520 334
521 333
521 328
522 327
522 325
523 324
523 322
524 321
524 307
525 306
525 304
526 303
526 301
527 300
527 283
528 282
528 280
529 279
529 277
530 276
530 240
529 239
529 237
528 236
528 234
527 233
527 225
526 224
526 222
525 221
525 219
524 218
524 216
523 215
523 213
522 212
522 210
521 209
521 204
520 203
520 201
519 200
519 199
518 198
518 197
517 196
517 194
516 193
516 191
517 190
517 187
518 186
518 178
519 177
519 175
520 174
520 172
521 171
521 126
520 125
520 123
519 122
519 120
518 119
518 99
517 98
517 96
516 95
516 93
515 92
515 84
514 83
514 81
513 80
513 78
512 77
512 72
511 71
511 69
510 68
510 66
509 65
509 60
508 59
508 57
507 56
507 55
506 54
506 53
505 52
505 51
504 50
504 49
501 46
500 46
499 45
467 45
466 46
464 46
463 47
461 47
460 48
455 48
454 49
452 49
451 50
449 50
448 51
428 51
427 52
425 52
424 53
422 53
421 54
419 54
418 55
417 55
416 56
415 56
413 58
412 58
411 59
410 59
409 60
404 60
403 61
402 61
401 62
400 62
398 64
397 64
395 66
394 66
393 67
392 67
391 68
389 68
388 69
386 69
385 70
383 70
382 71
381 71
380 72
379 72
377 74
376 74
374 76
373 76
371 78
370 78
369 79
368 79
367 80
365 80
364 81
348 81
347 80
345 80
344 79
342 79
341 78
324 78
320 74
320 71
330 61
330 60
332 58
332 57
334 55
334 54
341 47
342 47
344 45
345 45
347 43
348 43
360 31
360 30
361 29
361 28
362 27
362 25
358 21
353 21
352 22
351 22
350 23
349 23
347 25
346 25
344 27
343 27
341 29
340 29
335 34
334 34
327 41
327 42
307 62
307 63
305 65
305 66
300 71
298 71
296 69
296 66
297 65
297 64
298 63
298 62
300 60
300 59
301 58
301 57
312 46
312 45
314 43
314 42
316 40
316 39
326 29
327 29
333 23
333 21
334 20
334 19
333 18
333 17
332 16
331 16
330 15
413 708
413 712
412 713
407 713
406 714
404 714
403 715
401 715
400 716
392 716
391 717
389 717
388 718
386 718
385 719
383 719
382 720
380 720
379 721
374 721
373 720
373 716
377 712
378 712
379 711
380 711
381 710
395 710
396 709
398 709
399 708
401 708
402 707
412 707
498 668
512 693
512 715
509 730
503 743
485 765
472 773
454 779
422 782
368 795
343 808
335 817
329 832
326 835
321 833
315 823
311 808
314 789
325 770
347 748
366 737
434 719
446 711
447 699
437 689
434 682
434 659
431 646
436 641
460 645
488 659
326 465
327 466
328 466
332 470
332 471
334 473
334 474
348 488
348 489
350 491
350 492
352 494
352 495
354 497
354 498
356 500
356 501
358 503
358 504
366 512
366 513
368 515
368 516
370 518
370 519
372 521
372 522
374 524
374 525
375 526
375 527
376 528
376 529
377 530
377 531
378 532
378 533
379 534
379 535
380 536
380 537
382 539
382 540
384 542
384 543
386 545
386 546
387 547
387 548
388 549
388 550
389 551
389 552
390 553
390 554
391 555
391 556
392 557
392 558
393 559
393 560
394 561
394 562
395 563
395 564
396 565
396 566
397 567
397 568
398 569
398 570
399 571
399 572
400 573
400 575
401 576
401 581
402 582
402 584
403 585
403 587
404 588
404 596
405 597
405 599
406 600
406 602
407 603
407 605
408 606
408 608
409 609
409 611
410 612
410 617
411 618
411 620
412 621
412 623
413 624
413 644
414 645
414 647
415 648
415 650
416 651
416 688
415 689
415 690
411 694
410 694
409 695
387 695
382 690
382 684
381 683
381 675
382 674
382 672
383 671
383 659
382 658
382 651
383 650
383 647
382 646
382 644
381 643
381 641
380 640
380 611
379 610
379 608
378 607
378 605
377 604
377 596
376 595
376 593
375 592
375 591
374 590
374 589
373 588
373 587
372 586
372 585
371 584
371 583
368 580
367 580
366 579
364 579
360 583
360 586
361 587
361 589
362 590
362 591
363 592
363 593
364 594
364 596
365 597
365 608
366 609
366 611
367 612
367 614
368 615
368 641
369 642
369 644
370 645
370 647
371 648
371 673
370 674
370 676
369 677
369 679
368 680
368 691
367 692
367 693
366 694
366 695
361 700
361 701
360 702
360 703
359 704
359 706
358 707
358 708
353 713
352 713
351 714
350 714
349 715
348 715
347 716
346 716
345 717
344 717
343 718
341 718
340 719
324 719
323 718
321 718
320 717
319 717
318 716
317 716
316 715
315 715
314 714
313 714
312 713
311 713
306 708
306 707
305 706
305 662
304 661
304 659
303 658
303 656
302 655
302 590
301 589
301 587
300 586
300 579
301 578
301 576
302 575
302 571
303 570
303 569
307 565
308 565
309 564
310 564
311 563
312 563
313 562
314 562
315 561
317 561
318 560
320 560
321 559
322 559
323 558
324 558
326 556
327 556
329 554
330 554
335 549
335 548
337 546
337 545
339 543
339 542
341 540
341 539
342 538
342 536
343 535
343 532
342 531
342 530
340 528
339 528
338 527
335 527
334 528
333 528
323 538
322 538
317 543
316 543
315 544
314 544
313 545
311 545
310 546
308 546
307 547
305 547
304 548
280 548
279 547
277 547
276 546
275 546
274 545
273 545
272 544
271 544
270 543
269 543
268 542
267 542
265 540
264 540
262 538
261 538
259 536
258 536
256 534
255 534
253 532
252 532
251 531
250 531
249 530
244 530
240 534
240 536
241 537
241 539
242 540
242 541
243 542
243 543
245 545
245 546
254 555
255 555
257 557
258 557
259 558
260 558
261 559
262 559
263 560
264 560
265 561
266 561
267 562
269 562
270 563
272 563
273 564
275 564
276 565
278 565
279 566
284 566
285 567
286 567
290 571
290 572
291 573
291 638
292 639
292 641
293 642
293 644
294 645
294 703
293 704
293 705
292 706
292 707
282 717
281 717
279 719
278 719
277 720
276 720
275 721
273 721
272 722
267 722
266 723
259 723
258 722
253 722
252 721
251 721
250 720
249 720
247 718
246 718
238 710
238 709
236 707
236 706
234 704
234 703
233 702
233 701
232 700
232 698
231 697
231 692
230 691
230 689
229 688
229 686
228 685
228 633
229 632
229 630
230 629
230 627
231 626
231 585
227 581
226 581
222 585
222 589
221 590
221 592
220 593
220 595
219 596
219 619
218 620
218 622
217 623
217 625
216 626
216 677
217 678
217 680
218 681
218 683
219 684
219 695
220 696
218 698
218 699
217 700
216 700
215 701
205 701
204 700
202 700
201 699
200 699
196 695
196 694
195 693
195 689
194 688
194 686
193 685
193 683
192 682
192 636
193 635
193 633
194 632
194 630
195 629
195 606
196 605
196 603
197 602
197 600
198 599
198 594
199 593
199 591
200 590
200 588
201 587
201 582
202 581
202 579
203 578
203 576
204 575
204 567
205 566
205 564
206 563
206 561
207 560
207 558
208 557
208 555
209 554
209 552
210 551
210 549
211 548
211 546
212 545
212 543
213 542
213 540
214 539
214 537
215 536
215 534
216 533
216 531
217 530
217 528
218 527
218 526
219 525
219 524
220 523
220 522
221 521
221 520
222 519
222 518
224 516
224 515
226 513
226 512
228 510
228 509
229 508
229 507
230 506
230 504
231 503
231 501
232 500
232 499
233 498
233 497
238 492
238 491
240 489
240 488
242 486
242 485
244 483
244 482
246 480
246 479
248 477
248 476
255 469
256 469
257 468
258 468
259 467
320 467
321 466
324 466
325 465
215 396
214 399
210 403
209 403
207 405
206 405
205 406
204 406
203 407
200 408
198 410
197 410
189 418
188 418
186 420
185 420
180 424
178 424
177 425
176 425
175 424
173 424
172 423
171 423
170 422
169 422
168 421
167 421
166 420
165 420
164 419
163 419
158 416
158 412
160 410
162 410
163 409
165 409
166 408
168 408
169 407
171 407
172 406
174 406
175 405
177 405
178 404
180 404
181 403
183 403
184 402
186 402
187 401
189 401
190 400
192 400
193 399
195 399
196 398
198 398
199 397
200 397
201 396
202 396
203 395
204 395
209 392
211 392
212 393
213 393
438 403
438 407
428 415
409 425
385 435
344 446
323 446
316 449
280 449
273 446
246 446
229 444
197 434
193 430
198 422
229 402
249 405
267 401
276 395
282 397
283 411
291 420
312 419
320 408
318 396
323 393
340 395
373 390
380 393
403 393
422 399
430 399
295 380
298 380
299 381
300 381
304 385
305 385
307 387
308 387
309 388
310 388
311 389
312 389
313 390
314 390
316 392
316 394
315 395
315 396
314 397
313 397
310 400
310 401
309 402
309 403
304 408
303 408
302 409
299 409
298 408
297 408
292 403
292 402
291 401
291 397
289 395
289 394
288 393
288 392
287 391
287 388
290 385
290 384
293 381
294 381
383 379
384 378
388 378
389 379
391 379
392 380
394 380
395 381
433 381
434 382
436 382
437 383
439 383
440 384
460 384
462 387
462 389
453 395
447 395
446 394
444 394
443 393
438 393
437 392
435 392
434 391
432 391
431 390
417 390
416 389
414 389
413 388
411 388
410 387
393 387
392 386
390 386
389 385
384 384
383 383
202 382
202 383
199 386
198 386
197 387
195 387
194 388
192 388
191 389
189 389
188 390
183 391
176 395
174 395
173 396
171 396
170 397
168 397
167 398
165 398
164 399
159 400
152 404
150 404
149 405
147 405
146 406
143 406
142 405
140 405
136 401
135 401
133 399
132 399
128 395
128 393
131 390
138 390
139 389
141 389
142 388
144 388
145 387
147 387
148 386
150 386
151 385
153 385
154 384
165 384
166 383
168 383
169 382
171 382
172 381
183 381
184 380
186 380
187 379
189 379
190 378
198 378
199 379
200 379
391 366
393 363
445 363
446 364
449 364
450 365
460 365
461 366
477 366
480 369
480 372
476 376
472 378
450 378
449 377
447 377
443 375
429 375
428 374
426 374
422 372
399 372
398 371
393 370
391 368
359 364
360 363
366 363
367 364
367 368
366 369
360 369
359 368
495 186
495 187
496 188
496 189
497 190
497 192
498 193
498 195
499 196
499 197
500 198
500 199
501 200
501 201
502 202
502 203
503 204
503 205
504 206
504 207
505 208
505 210
506 211
506 213
507 214
507 216
508 217
508 219
509 220
509 222
510 223
510 225
511 226
511 228
512 229
512 237
513 238
513 240
514 241
514 243
515 244
515 296
514 297
514 299
513 300
513 302
512 303
512 305
511 306
511 308
510 309
510 311
509 312
509 317
508 318
508 320
507 321
507 323
506 324
506 326
505 327
505 329
504 330
504 331
503 332
503 333
502 334
502 335
501 336
501 337
500 338
500 339
499 340
499 341
498 342
498 343
497 344
497 345
496 346
496 347
495 348
495 349
494 350
494 351
492 353
492 354
488 358
487 358
486 359
485 359
484 360
477 360
476 359
474 359
473 358
471 358
470 357
408 357
407 356
405 356
404 355
402 355
401 354
394 354
393 353
392 353
390 351
389 351
387 349
386 349
385 348
381 348
380 349
379 349
377 351
376 351
374 353
373 353
372 354
371 354
370 355
368 355
367 356
359 356
358 355
354 355
353 356
350 356
349 357
336 357
335 356
332 356
331 355
328 355
327 356
326 356
324 358
324 359
323 360
323 362
325 364
325 365
327 367
327 368
329 370
329 377
326 380
325 380
324 381
323 380
321 380
320 379
319 379
318 378
317 378
315 376
314 376
304 366
304 365
303 364
303 363
302 362
302 355
303 354
303 352
304 351
304 350
305 349
305 348
307 346
307 345
318 334
318 333
319 332
319 331
320 330
320 325
316 321
291 321
290 322
288 322
287 323
285 323
284 324
271 324
267 328
267 333
268 334
268 335
278 345
278 346
286 354
286 355
288 357
288 358
289 359
289 361
290 362
290 364
289 365
289 367
288 368
288 369
287 370
287 371
286 372
286 373
280 379
279 379
278 380
277 380
276 381
275 381
273 383
272 383
270 385
269 385
268 386
267 386
266 387
258 387
257 388
255 388
254 389
252 389
249 386
249 381
248 380
248 379
247 378
247 377
246 376
246 373
247 372
247 370
249 368
249 364
245 360
240 360
239 361
237 361
236 362
234 362
233 363
225 363
224 364
222 364
221 365
217 365
213 361
213 352
209 348
207 348
206 349
205 349
202 352
202 353
201 354
201 364
196 369
186 369
185 370
183 370
182 371
180 371
179 372
168 372
167 373
165 373
164 374
162 374
161 375
156 375
155 376
153 376
152 377
150 377
149 378
141 378
140 379
138 379
137 380
135 380
134 381
126 381
125 382
123 382
122 383
120 383
119 384
117 384
116 385
113 385
112 384
110 384
95 369
95 368
93 366
93 365
91 363
91 362
89 360
89 359
87 357
87 356
85 354
85 353
83 351
83 350
82 349
82 348
81 347
81 342
80 341
80 339
79 338
79 337
78 336
78 335
77 334
77 333
76 332
76 331
75 330
75 329
74 328
74 327
73 326
73 324
72 323
72 315
71 314
71 312
70 311
70 309
69 308
69 253
70 252
70 250
71 249
71 247
72 246
72 238
73 237
73 235
74 234
74 233
75 232
75 231
76 230
76 229
77 228
77 226
78 225
78 223
79 222
79 220
80 219
80 218
81 217
81 216
82 215
82 214
83 213
83 211
84 210
84 208
85 207
85 205
86 204
86 203
87 202
87 201
88 200
88 199
89 198
89 197
90 196
90 195
92 193
92 192
97 187
97 186
99 184
99 183
101 181
101 180
106 175
106 174
108 172
108 171
117 162
118 162
123 157
124 157
132 149
133 149
138 144
139 144
144 139
145 139
150 134
151 134
153 132
154 132
155 131
156 131
157 130
158 130
159 129
160 129
162 127
163 127
168 122
169 122
170 121
171 121
172 120
174 120
175 119
176 119
177 118
178 118
180 116
181 116
182 115
183 115
184 114
186 114
187 113
189 113
190 112
192 112
193 111
195 111
196 110
198 110
199 109
200 109
201 108
202 108
203 107
204 107
205 106
206 106
207 105
208 105
209 104
210 104
211 103
213 103
214 102
222 102
223 101
225 101
226 100
227 100
228 99
229 99
230 98
231 98
232 97
234 97
235 96
240 96
241 95
243 95
244 94
246 94
247 93
265 93
266 94
267 94
269 96
270 96
272 98
273 98
274 99
275 99
276 98
277 98
284 91
286 91
289 94
289 98
288 99
288 107
292 111
294 111
296 109
297 109
298 108
298 107
300 105
300 104
301 103
301 102
303 100
303 99
305 97
305 96
310 91
311 91
312 90
325 90
326 91
328 91
329 92
331 92
332 93
346 93
347 94
349 94
350 95
352 95
353 96
355 96
356 97
358 97
359 98
361 98
362 99
373 99
374 100
376 100
377 101
379 101
380 102
385 102
386 103
388 103
389 104
390 104
391 105
392 105
393 106
394 106
395 107
396 107
397 108
398 108
399 109
400 109
401 110
403 110
404 111
406 111
407 112
409 112
410 113
411 113
412 114
413 114
415 116
416 116
418 118
419 118
421 120
422 120
423 121
424 121
425 122
426 122
427 123
428 123
429 124
430 124
431 125
432 125
433 126
434 126
435 127
436 127
437 128
438 128
439 129
440 129
442 131
443 131
448 136
449 136
451 138
452 138
454 140
455 140
483 168
483 169
485 171
485 172
487 174
487 175
489 177
489 178
491 180
491 181
493 183
493 184
470 231
469 230
469 228
468 227
468 225
467 224
467 222
466 221
466 219
465 218
465 216
464 215
464 213
463 212
463 210
462 209
462 208
461 207
461 206
459 204
459 203
457 201
457 200
455 198
455 197
454 196
454 195
453 194
453 193
452 192
452 191
450 189
450 188
444 182
443 182
438 177
437 177
432 172
431 172
429 170
428 170
426 168
425 168
424 167
423 167
422 166
421 166
420 165
419 165
418 164
417 164
416 163
414 163
413 162
411 162
410 161
408 161
407 160
405 160
404 159
402 159
401 158
399 158
398 157
396 157
395 156
374 156
373 157
371 157
370 158
368 158
367 159
359 159
358 160
356 160
355 161
353 161
352 162
347 162
346 163
344 163
343 164
342 164
341 165
340 165
339 166
338 166
337 167
336 167
335 168
334 168
332 170
331 170
326 175
325 175
323 177
322 177
320 179
319 179
316 182
316 183
314 185
314 186
312 188
312 189
307 194
307 195
305 197
305 198
304 199
304 200
303 201
303 202
302 203
302 204
301 205
301 206
300 207
300 209
299 210
299 212
298 213
298 215
297 216
297 218
296 219
296 222
295 223
295 225
293 227
291 227
288 224
288 219
287 218
287 216
286 215
286 214
285 213
285 212
284 211
284 210
283 209
283 208
282 207
282 206
281 205
281 204
280 203
280 202
279 201
279 200
277 198
277 197
272 192
272 191
270 189
270 188
265 183
264 183
262 181
261 181
259 179
258 179
256 177
255 177
254 176
253 176
252 175
251 175
250 174
249 174
248 173
247 173
246 172
244 172
243 171
241 171
240 170
238 170
237 169
235 169
234 168
229 168
228 167
226 167
225 166
223 166
222 165
192 165
191 166
189 166
188 167
186 167
185 168
183 168
182 169
180 169
179 170
177 170
176 171
174 171
173 172
171 172
170 173
169 173
168 174
167 174
166 175
165 175
164 176
163 176
162 177
161 177
160 178
159 178
158 179
157 179
156 180
155 180
153 182
152 182
143 191
143 192
141 194
141 195
139 197
139 198
134 203
134 204
132 206
132 207
131 208
131 209
130 210
130 211
129 212
129 213
128 214
128 215
127 216
127 218
126 219
126 221
125 222
125 224
124 225
124 227
123 228
123 236
122 237
122 239
121 240
121 242
120 243
120 255
121 256
121 258
122 259
122 261
123 262
123 279
124 280
124 282
125 283
125 285
126 286
126 288
127 289
127 291
128 292
128 293
129 294
129 295
130 296
130 297
131 298
131 299
132 300
132 301
134 303
134 304
152 322
153 322
154 323
155 323
156 324
158 324
159 325
160 325
161 326
162 326
164 328
165 328
167 330
168 330
169 331
170 331
171 332
173 332
174 333
176 333
177 334
179 334
180 335
182 335
183 336
200 336
201 337
204 337
205 338
209 338
210 337
213 337
214 336
225 336
226 335
228 335
229 334
231 334
232 333
237 333
238 332
240 332
241 331
242 331
243 330
244 330
245 329
246 329
247 328
248 328
249 327
250 327
251 326
252 326
253 325
254 325
255 324
256 324
258 322
259 322
261 320
262 320
264 318
265 318
270 313
270 312
272 310
272 309
277 304
277 303
279 301
279 300
281 298
281 297
283 295
283 294
285 292
285 291
286 290
286 289
287 288
287 286
288 285
288 280
289 279
289 277
290 276
290 274
292 272
295 272
297 274
297 276
298 277
298 278
299 279
299 280
300 281
300 282
301 283
301 285
302 286
302 288
303 289
303 290
304 291
304 292
309 297
309 298
320 309
320 310
325 315
326 315
328 317
329 317
331 319
332 319
334 321
335 321
336 322
337 322
338 323
339 323
340 324
341 324
342 325
343 325
344 326
346 326
347 327
349 327
350 328
352 328
353 329
355 329
356 330
367 330
368 331
370 331
371 332
373 332
374 333
386 333
387 332
389 332
390 331
392 331
393 330
404 330
405 329
407 329
408 328
410 328
411 327
413 327
414 326
416 326
417 325
418 325
419 324
420 324
422 322
423 322
425 320
426 320
428 318
429 318
430 317
431 317
432 316
433 316
437 312
438 312
443 307
444 307
450 301
450 300
452 298
452 297
453 296
453 295
454 294
454 293
455 292
455 291
456 290
456 289
457 288
457 287
458 286
458 285
459 284
459 283
460 282
460 281
461 280
461 279
462 278
462 277
463 276
463 274
464 273
464 268
465 267
465 265
466 264
466 262
467 261
467 253
468 252
468 250
469 249
469 247
470 246
199 178
227 180
252 191
262 201
273 216
279 235
279 260
276 267
276 278
268 294
255 307
243 315
227 323
212 327
199 327
184 323
162 310
147 294
139 278
135 263
135 244
138 237
138 229
149 210
171 189
187 181
222 252
221 253
220 253
219 254
218 254
212 260
212 261
210 264
210 273
211 274
211 275
212 276
212 277
218 283
219 283
221 285
222 285
225 287
227 287
228 288
231 288
232 287
234 287
235 286
236 286
237 285
238 285
240 283
241 283
244 280
244 279
246 276
246 261
245 260
245 259
241 255
240 255
237 253
235 253
234 252
375 171
388 171
395 174
400 174
425 185
440 201
451 223
458 244
458 251
451 275
441 291
422 309
406 317
391 321
369 321
362 318
357 318
344 312
329 301
315 281
308 257
308 232
319 207
338 188
350 180
356 246
355 247
354 247
353 248
352 248
346 254
346 255
344 258
344 270
345 271
345 272
346 273
346 274
349 277
350 277
352 279
353 279
356 281
358 281
359 282
365 282
366 281
368 281
369 280
370 280
371 279
372 279
374 277
375 277
378 274
378 273
380 270
380 261
379 260
379 258
378 257
378 256
377 255
377 254
372 249
371 249
368 247
366 247
365 246
171 93
171 97
167 99
159 105
146 111
134 119
123 130
116 134
104 146
100 153
89 164
86 169
83 169
81 167
81 118
84 111
84 103
90 85
95 79
97 78
122 78
129 81
140 81
167 90
3647
0 1
1 2
2 3
3 4
4 5
5 6
6 7
7 8
8 9
9 10
10 11
11 12
12 13
13 14
14 15
15 16
16 17
17 18
18 19
19 20
20 21
21 22
22 23
23 24
24 25
25 26
26 27
27 28
28 29
29 30
30 31
31 32
32 33
33 34
34 35
35 36
36 37
37 38
38 39
39 40
40 41
41 42
42 43
43 44
44 45
45 46
46 47
47 48
48 49
49 50
50 51
51 52
52 53
53 54
54 55
55 56
56 57
57 58
58 59
59 60
60 61
61 62
62 63
63 64
64 65
65 66
66 67
67 68
68 69
69 70
70 71
71 72
72 73
73 74
74 75
75 76
76 77
77 78
78 79
79 80
80 81
81 82
82 83
83 84
84 85
85 86
86 87
87 88
88 89
89 90
90 91
91 92
92 93
93 94
94 95
95 96
96 97
97 98
98 99
99 100
100 101
101 102
102 103
103 104
104 105
105 106
106 107
107 108
108 109
109 110
110 111
111 112
112 113
113 114
114 115
115 116
116 117
117 118
118 119
119 120
120 121
121 122
122 123
123 124
124 125
125 126
126 127
127 128
128 129
129 130
130 131
131 132
132 133
133 134
134 135
135 136
136 137
137 138
138 139
139 140
140 141
141 142
142 143
143 144
144 145
145 146
146 147
147 148
148 149
149 150
150 151
151 152
152 153
153 154
154 155
155 156
156 157
157 158
158 159
159 160
160 161
161 162
162 163
163 164
164 165
165 166
166 167
167 168
168 169
169 170
170 171
171 172
172 173
173 174
174 175
175 176
176 177
177 178
178 179
179 180
180 181
181 182
182 183
183 184
184 185
185 186
186 187
187 188
188 189
189 190
190 191
191 192
192 193
193 194
194 195
195 196
196 197
197 198
198 199
199 200
200 201
201 202
202 203
203 204
204 205
205 206
206 207
207 208
208 209
209 210
210 211
211 212
212 213
213 214
214 215
215 216
216 217
217 218
218 219
219 220
220 221
221 222
222 223
223 224
224 225
225 226
226 227
227 228
228 229
229 230
230 231
231 232
232 233
233 234
234 235
235 236
236 237
237 238
238 239
239 240
240 241
241 242
242 243
243 244
244 245
245 246
246 247
247 248
248 249
249 250
250 251
251 252
252 253
253 254
254 255
255 256
256 257
257 258
258 259
259 260
260 261
261 262
262 263
263 264
264 265
265 266
266 267
267 268
268 269
269 270
270 271
271 272
272 273
273 274
274 275
275 276
276 277
277 278
278 279
279 280
280 281
281 282
282 283
283 284
284 285
285 286
286 287
287 288
288 289
289 290
290 291
291 292
292 293
293 294
294 295
295 296
296 297
297 298
298 299
299 300
300 301
301 302
302 303
303 304
304 305
305 306
306 307
307 308
308 309
309 310
310 311
311 312
312 313
313 314
314 315
315 316
316 317
317 318
318 319
319 320
320 321
321 322
322 323
323 324
324 325
325 326
326 327
327 328
328 329
329 330
330 331
331 332
332 333
333 334
334 335
335 336
336 337
337 338
338 339
339 340
340 341
341 342
342 343
343 344
344 345
345 346
346 347
347 348
348 349
349 350
350 351
351 352
352 353
353 354
354 355
355 356
356 357
357 358
358 359
359 360
360 361
361 362
362 363
363 364
364 365
365 366
366 367
367 368
368 369
369 370
370 371
371 372
372 373
373 374
374 375
375 376
376 377
377 378
378 379
379 380
380 381
381 382
382 383
383 384
384 385
385 386
386 387
387 388
388 389
389 390
390 391
391 392
392 393
393 394
394 395
395 396
396 397
397 398
398 399
399 400
400 401
401 402
402 403
403 404
404 405
405 406
406 407
407 408
408 409
409 410
410 411
411 412
412 413
413 414
414 415
415 416
416 417
417 418
418 419
419 420
420 421
421 422
422 423
423 424
424 425
425 426
426 427
427 428
428 429
429 430
430 431
431 432
432 433
433 434
434 435
435 436
436 437
437 438
438 439
439 440
440 441
441 442
442 443
443 444
444 445
445 446
446 447
447 448
448 449
449 450
450 451
451 452
452 453
453 454
454 455
455 456
456 457
457 458
458 459
459 460
460 461
461 462
462 463
463 464
464 465
465 466
466 467
467 468
468 469
469 470
470 471
471 472
472 473
473 474
474 475
475 476
476 477
477 478
478 479
479 480
480 481
481 482
482 483
483 484
484 485
485 486
486 487
487 488
488 489
489 490
490 491
491 492
492 493
493 494
494 495
495 496
496 497
497 498
498 499
499 500
500 501
501 502
502 503
503 504
504 505
505 506
506 507
507 508
508 509
509 510
510 511
511 512
512 513
513 514
514 515
515 516
516 517
517 518
518 519
519 520
520 521
521 522
522 523
523 524
524 525
525 526
526 527
527 528
528 529
529 530
530 531
531 532
532 533
533 534
534 535
535 536
536 537
537 538
538 539
539 540
540 541
541 542
542 543
543 544
544 545
545 546
546 547
547 548
548 549
549 550
550 551
551 552
552 553
553 554
554 555
555 556
556 557
557 558
558 559
559 560
560 561
561 562
562 563
563 564
564 565
565 566
566 567
567 568
568 569
569 570
570 571
571 572
572 573
573 574
574 575
575 576
576 577
577 578
578 579
579 580
580 581
581 582
582 583
583 584
584 585
585 586
586 587
587 588
588 589
589 590
590 591
591 592
592 593
593 594
594 595
595 596
596 597
597 598
598 599
599 600
600 601
601 602
602 603
603 604
604 605
605 606
606 607
607 608
608 609
609 610
610 611
611 612
612 613
613 614
614 615
615 616
616 617
617 618
618 619
619 620
620 621
621 622
622 623
623 624
624 625
625 626
626 627
627 628
628 629
629 630
630 631
631 632
632 633
633 634
634 635
635 636
636 637
637 638
638 639
639 640
640 641
641 642
642 643
643 644
644 645
645 646
646 647
647 648
648 649
649 650
650 651
651 652
652 653
653 654
654 655
655 656
656 657
657 658
658 659
659 660
660 661
661 662
662 663
663 664
664 665
665 666
666 667
667 668
668 669
669 670
670 671
671 672
672 673
673 674
674 675
675 676
676 677
677 678
678 679
679 680
680 681
681 682
682 683
683 684
684 685
685 686
686 687
687 688
688 689
689 690
690 691
691 692
692 693
693 694
694 695
695 696
696 697
697 698
698 699
699 700
700 701
701 702
702 703
703 704
704 705
705 706
706 707
707 708
708 709
709 710
710 711
711 712
712 713
713 714
714 715
715 716
716 717
717 718
718 719
719 720
720 721
721 722
722 723
723 724
724 725
725 726
726 727
727 728
728 729
729 730
730 731
731 732
732 733
733 734
734 735
735 736
736 737
737 738
738 739
739 740
740 741
741 742
742 743
743 744
744 745
745 746
746 747
747 748
748 749
749 750
750 751
751 752
752 753
753 754
754 755
755 756
756 757
757 758
758 759
759 760
760 761
761 762
762 763
763 764
764 765
765 766
766 767
767 768
768 769
769 770
770 771
771 772
772 773
773 774
774 775
775 776
776 777
777 778
778 779
779 780
780 781
781 782
782 783
783 784
784 785
785 786
786 787
787 788
788 789
789 790
790 791
791 792
792 793
793 794
794 795
795 796
796 797
797 798
798 799
799 800
800 801
801 802
802 803
803 804
804 805
805 806
806 807
807 808
808 809
809 810
810 811
811 812
812 813
813 814
814 815
815 816
816 817
817 818
818 819
819 820
820 821
821 822
822 823
823 824
824 825
825 826
826 827
827 828
828 829
829 830
830 831
831 832
832 833
833 834
834 835
835 836
836 837
837 838
838 839
839 840
840 841
841 842
842 843
843 844
844 845
845 846
846 847
847 848
848 849
849 850
850 851
851 852
852 853
853 854
854 855
855 856
856 857
857 858
858 859
859 860
860 861
861 862
862 863
863 864
864 865
865 866
866 867
867 868
868 869
869 870
870 871
871 872
872 873
873 874
874 875
875 876
876 877
877 878
878 879
879 880
880 881
881 882
882 883
883 884
884 885
885 886
886 887
887 888
888 889
889 890
890 891
891 892
892 893
893 894
894 895
895 896
896 897
897 898
898 899
899 900
900 901
901 902
902 903
903 904
904 905
905 906
906 907
907 908
908 909
909 910
910 911
911 912
912 913
913 914
914 915
915 916
916 917
917 918
918 919
919 920
920 921
921 922
922 923
923 924
924 925
925 926
926 927
927 928
928 929
929 930
930 931
931 932
932 933
933 934
934 935
935 936
936 937
937 938
938 939
939 940
940 941
941 942
942 943
943 944
944 945
945 946
946 947
947 948
948 949
949 950
950 951
951 952
952 953
953 954
954 955
955 956
956 957
957 958
958 959
959 960
960 961
961 962
962 963
963 964
964 965
965 966
966 967
967 968
968 969
969 970
970 971
971 972
972 973
973 974
974 975
975 976
976 977
977 978
978 979
979 980
980 981
981 982
982 983
983 984
984 985
985 986
986 987
987 988
988 989
989 990
990 991
991 992
992 993
993 994
994 995
995 996
996 997
997 998
998 999
999 1000
1000 1001
1001 1002
1002 1003
1003 1004
1004 1005
1005 1006
1006 1007
1007 1008
1008 1009
1009 1010
1010 1011
1011 1012
1012 1013
1013 1014
1014 1015
1015 1016
1016 1017
1017 1018
1018 1019
1019 1020
1020 1021
1021 1022
1022 1023
1023 1024
1024 1025
1025 1026
1026 1027
1027 1028
1028 1029
1029 1030
1030 1031
1031 1032
1032 1033
1033 1034
1034 1035
1035 1036
1036 1037
1037 1038
1038 1039
1039 1040
1040 1041
1041 1042
1042 1043
1043 1044
1044 1045
1045 1046
1046 1047
1047 1048
1048 1049
1049 1050
1050 1051
1051 1052
1052 1053
1053 1054
1054 1055
1055 1056
1056 1057
1057 1058
1058 1059
1059 1060
1060 1061
1061 1062
1062 1063
1063 1064
1064 1065
1065 1066
1066 1067
1067 1068
1068 1069
1069 1070
1070 1071
1071 1072
1072 1073
1073 1074
1074 1075
1075 1076
1076 1077
1077 1078
1078 1079
1079 1080
1080 1081
1081 1082
1082 1083
1083 1084
1084 1085
1085 1086
1086 1087
1087 1088
1088 1089
1089 1090
1090 1091
1091 1092
1092 1093
1093 1094
1094 1095
1095 1096
1096 1097
1097 1098
1098 1099
1099 1100
1100 1101
1101 1102
1102 1103
1103 1104
1104 1105
1105 1106
1106 1107
1107 1108
1108 1109
1109 1110
1110 1111
1111 1112
1112 1113
1113 1114
1114 1115
1115 1116
1116 1117
1117 1118
1118 1119
1119 1120
1120 1121
1121 1122
1122 1123
1123 1124
1124 1125
1125 1126
1126 1127
1127 1128
1128 1129
1129 1130
1130 1131
1131 1132
1132 1133
1133 1134
1134 1135
1135 1136
1136 1137
1137 1138
1138 1139
1139 1140
1140 1141
1141 1142
1142 1143
1143 1144
1144 1145
1145 1146
1146 1147
1147 1148
1148 1149
1149 1150
1150 1151
1151 1152
1152 1153
1153 1154
1154 1155
1155 1156
1156 1157
1157 1158
1158 1159
1159 1160
1160 1161
1161 1162
1162 1163
1163 1164
1164 1165
1165 1166
1166 1167
1167 1168
1168 1169
1169 1170
1170 1171
1171 1172
1172 1173
1173 1174
1174 1175
1175 1176
1176 1177
1177 1178
1178 1179
1179 1180
1180 1181
1181 1182
1182 1183
1183 1184
1184 1185
1185 1186
1186 1187
1187 1188
1188 1189
1189 1190
1190 1191
1191 1192
1192 1193
1193 1194
1194 1195
1195 1196
1196 1197
1197 1198
1198 1199
1199 1200
1200 1201
1201 1202
1202 1203
1203 1204
1204 1205
1205 1206
1206 1207
1207 1208
1208 1209
1209 1210
1210 1211
1211 1212
1212 1213
1213 1214
1214 1215
1215 1216
1216 1217
1217 1218
1218 1219
1219 1220
1220 1221
1221 1222
1222 1223
1223 1224
1224 1225
1225 1226
1226 1227
1227 1228
1228 1229
1229 1230
1230 1231
1231 1232
1232 1233
1233 1234
1234 1235
1235 1236
1236 1237
1237 1238
1238 1239
1239 1240
1240 1241
1241 1242
1242 1243
1243 1244
1244 1245
1245 1246
1246 1247
1247 1248
1248 1249
1249 1250
1250 1251
1251 1252
1252 1253
1253 1254
1254 1255
1255 1256
1256 1257
1257 1258
1258 1259
1259 1260
1260 1261
1261 1262
1262 1263
1263 1264
1264 1265
1265 1266
1266 1267
1267 1268
1268 1269
1269 1270
1270 1271
1271 1272
1272 1273
1273 1274
1274 1275
1275 1276
1276 1277
1277 1278
1278 1279
1279 1280
1280 1281
1281 1282
1282 1283
1283 1284
1284 1285
1285 1286
1286 1287
1287 1288
1288 1289
1289 1290
1290 1291
1291 1292
1292 1293
1293 1294
1294 1295
1295 1296
1296 1297
1297 1298
1298 1299
1299 1300
1300 1301
1301 1302
1302 1303
1303 1304
1304 1305
1305 1306
1306 1307
1307 1308
1308 1309
1309 1310
1310 1311
1311 1312
1312 1313
1313 1314
1314 1315
1315 1316
1316 1317
1317 1318
1318 1319
1319 1320
1320 1321
1321 1322
1322 1323
1323 1324
1324 1325
1325 1326
1326 1327
1327 1328
1328 1329
1329 1330
1330 1331
1331 1332
1332 1333
1333 1334
1334 1335
1335 1336
1336 1337
1337 1338
1338 1339
1339 1340
1340 1341
1341 1342
1342 1343
1343 1344
1344 1345
1345 1346
1346 1347
1347 1348
1348 1349
1349 1350
1350 1351
1351 1352
1352 1353
1353 1354
1354 1355
1355 1356
1356 1357
1357 1358
1358 1359
1359 1360
1360 1361
1361 1362
1362 1363
1363 1364
1364 1365
1365 1366
1366 1367
1367 1368
1368 1369
1369 1370
1370 1371
1371 1372
1372 1373
1373 1374
1374 1375
1375 1376
1376 1377
1377 1378
1378 1379
1379 1380
1380 1381
1381 1382
1382 1383
1383 1384
1384 1385
1385 1386
1386 1387
1387 1388
1388 1389
1389 1390
1390 1391
1391 1392
1392 1393
1393 1394
1394 1395
1395 1396
1396 1397
1397 1398
1398 1399
1399 1400
1400 1401
1401 1402
1402 1403
1403 1404
1404 1405
1405 1406
1406 1407
1407 1408
1408 1409
1409 1410
1410 1411
1411 1412
1412 1413
1413 1414
1414 1415
1415 1416
1416 1417
1417 1418
1418 1419
1419 1420
1420 1421
1421 1422
1422 1423
1423 1424
1424 1425
1425 1426
1426 1427
1427 1428
1428 1429
1429 1430
1430 1431
1431 1432
1432 1433
1433 1434
1434 1435
1435 1436
1436 1437
1437 1438
1438 1439
1439 1440
1440 1441
1441 1442
1442 1443
1443 1444
1444 1445
1445 1446
1446 1447
1447 1448
1448 1449
1449 1450
1450 1451
1451 1452
1452 1453
1453 1454
1454 1455
1455 1456
1456 1457
1457 1458
1458 1459
1459 1460
1460 1461
1461 1462
1462 1463
1463 1464
1464 1465
1465 1466
1466 1467
1467 1468
1468 1469
1469 1470
1470 1471
1471 1472
1472 1473
1473 1474
1474 1475
1475 1476
1476 1477
1477 1478
1478 1479
1479 1480
1480 1481
1481 1482
1482 1483
1483 1484
1484 1485
1485 1486
1486 1487
1487 1488
1488 1489
1489 1490
1490 1491
1491 1492
1492 1493
1493 1494
1494 1495
1495 1496
1496 1497
1497 1498
1498 1499
1499 1500
1500 1501
1501 1502
1502 1503
1503 1504
1504 1505
1505 1506
1506 1507
1507 1508
1508 1509
1509 1510
1510 1511
1511 1512
1512 1513
1514 1515
1515 1516
1516 1517
1517 1518
1518 1519
1519 1520
1520 1521
1521 1522
1522 1523
1523 1524
1524 1525
1525 1526
1526 1527
1527 1528
1528 1529
1529 1530
1530 1531
1531 1532
1532 1533
1533 1534
1534 1535
1535 1536
1536 1537
1537 1538
1538 1539
1539 1540
1540 1541
1541 1542
1542 1543
1543 1544
1544 1545
1545 1546
1546 1547
1548 1549
1549 1550
1550 1551
1551 1552
1552 1553
1553 1554
1554 1555
1555 1556
1556 1557
1557 1558
1558 1559
1559 1560
1560 1561
1561 1562
1562 1563
1563 1564
1564 1565
1565 1566
1566 1567
1567 1568
1568 1569
1569 1570
1570 1571
1571 1572
1572 1573
1573 1574
1574 1575
1575 1576
1576 1577
1577 1578
1579 1580
1580 1581
1581 1582
1582 1583
1583 1584
1584 1585
1585 1586
1586 1587
1587 1588
1588 1589
1589 1590
1590 1591
1591 1592
1592 1593
1593 1594
1594 1595
1595 1596
1596 1597
1597 1598
1598 1599
1599 1600
1600 1601
1601 1602
1602 1603
1603 1604
1604 1605
1605 1606
1606 1607
1607 1608
1608 1609
1609 1610
1610 1611
1611 1612
1612 1613
1613 1614
1614 1615
1615 1616
1616 1617
1617 1618
1618 1619
1619 1620
1620 1621
1621 1622
1622 1623
1623 1624
1624 1625
1625 1626
1626 1627
1627 1628
1628 1629
1629 1630
1630 1631
1631 1632
1632 1633
1633 1634
1634 1635
1635 1636
1636 1637
1637 1638
1638 1639
1639 1640
1640 1641
1641 1642
1642 1643
1643 1644
1644 1645
1645 1646
1646 1647
1647 1648
1648 1649
1649 1650
1650 1651
1651 1652
1652 1653
1653 1654
1654 1655
1655 1656
1656 1657
1657 1658
1658 1659
1659 1660
1660 1661
1661 1662
1662 1663
1663 1664
1664 1665
1665 1666
1666 1667
1667 1668
1668 1669
1669 1670
1670 1671
1671 1672
1672 1673
1673 1674
1674 1675
1675 1676
1676 1677
1677 1678
1678 1679
1679 1680
1680 1681
1681 1682
1682 1683
1683 1684
1684 1685
1685 1686
1686 1687
1687 1688
1688 1689
1689 1690
1690 1691
1691 1692
1692 1693
1693 1694
1694 1695
1695 1696
1696 1697
1697 1698
1698 1699
1699 1700
1700 1701
1701 1702
1702 1703
1703 1704
1704 1705
1705 1706
1706 1707
1707 1708
1708 1709
1709 1710
1710 1711
1711 1712
1712 1713
1713 1714
1714 1715
1715 1716
1716 1717
1717 1718
1718 1719
1719 1720
1720 1721
1721 1722
1722 1723
1723 1724
1724 1725
1725 1726
1726 1727
1727 1728
1728 1729
1729 1730
1730 1731
1731 1732
1732 1733
1733 1734
1734 1735
1735 1736
1736 1737
1737 1738
1738 1739
1739 1740
1740 1741
1741 1742
1742 1743
1743 1744
1744 1745
1745 1746
1746 1747
1747 1748
1748 1749
1749 1750
1750 1751
1751 1752
1752 1753
1753 1754
1754 1755
1755 1756
1756 1757
1757 1758
1758 1759
1759 1760
1760 1761
1761 1762
1762 1763
1763 1764
1764 1765
1765 1766
1766 1767
1767 1768
1768 1769
1769 1770
1770 1771
1771 1772
1772 1773
1773 1774
1774 1775
1775 1776
1776 1777
1777 1778
1778 1779
1779 1780
1780 1781
1781 1782
1782 1783
1783 1784
1784 1785
1785 1786
1786 1787
1787 1788
1788 1789
1789 1790
1790 1791
1791 1792
1792 1793
1793 1794
1794 1795
1795 1796
1796 1797
1797 1798
1798 1799
1799 1800
1800 1801
1801 1802
1802 1803
1803 1804
1804 1805
1805 1806
1806 1807
1807 1808
1808 1809
1809 1810
1810 1811
1811 1812
1812 1813
1813 1814
1814 1815
1815 1816
1816 1817
1817 1818
1818 1819
1819 1820
1820 1821
1821 1822
1822 1823
1823 1824
1824 1825
1825 1826
1826 1827
1827 1828
1828 1829
1829 1830
1830 1831
1831 1832
1832 1833
1833 1834
1834 1835
1835 1836
1836 1837
1837 1838
1838 1839
1839 1840
1840 1841
1841 1842
1842 1843
1843 1844
1844 1845
1845 1846
1846 1847
1847 1848
1848 1849
1849 1850
1850 1851
1851 1852
1852 1853
1853 1854
1854 1855
1855 1856
1856 1857
1857 1858
1858 1859
1859 1860
1860 1861
1861 1862
1862 1863
1863 1864
1864 1865
1865 1866
1866 1867
1867 1868
1868 1869
1869 1870
1870 1871
1871 1872
1872 1873
1873 1874
1874 1875
1875 1876
1876 1877
1877 1878
1878 1879
1879 1880
1880 1881
1881 1882
1882 1883
1883 1884
1884 1885
1885 1886
1886 1887
1887 1888
1888 1889
1889 1890
1890 1891
1891 1892
1892 1893
1893 1894
1894 1895
1895 1896
1896 1897
1897 1898
1898 1899
1899 1900
1900 1901
1901 1902
1902 1903
1903 1904
1904 1905
1905 1906
1906 1907
1907 1908
1908 1909
1909 1910
1910 1911
1911 1912
1912 1913
1913 1914
1914 1915
1915 1916
1916 1917
1917 1918
1918 1919
1919 1920
1920 1921
1921 1922
1922 1923
1923 1924
1924 1925
1925 1926
1926 1927
1927 1928
1928 1929
1929 1930
1930 1931
1931 1932
1932 1933
1933 1934
1934 1935
1935 1936
1936 1937
1937 1938
1938 1939
1939 1940
1940 1941
1941 1942
1942 1943
1943 1944
1944 1945
1945 1946
1946 1947
1947 1948
1948 1949
1949 1950
1950 1951
1951 1952
1952 1953
1953 1954
1954 1955
1955 1956
1956 1957
1957 1958
1958 1959
1959 1960
1960 1961
1961 1962
1962 1963
1963 1964
1964 1965
1965 1966
1966 1967
1967 1968
1968 1969
1969 1970
1970 1971
1971 1972
1972 1973
1973 1974
1974 1975
1975 1976
1976 1977
1977 1978
1978 1979
1979 1980
1980 1981
1981 1982
1982 1983
1983 1984
1984 1985
1985 1986
1986 1987
1987 1988
1988 1989
1989 1990
1990 1991
1991 1992
1992 1993
1993 1994
1994 1995
1995 1996
1996 1997
1997 1998
1998 1999
1999 2000
2000 2001
2001 2002
2002 2003
2003 2004
2004 2005
2005 2006
2006 2007
2007 2008
2008 2009
2009 2010
2010 2011
2011 2012
2012 2013
2013 2014
2014 2015
2015 2016
2016 2017
2017 2018
2018 2019
2019 2020
2020 2021
2021 2022
2022 2023
2023 2024
2024 2025
2025 2026
2026 2027
2027 2028
2028 2029
2029 2030
2030 2031
2031 2032
2032 2033
2033 2034
2034 2035
2035 2036
2036 2037
2037 2038
2038 2039
2039 2040
2040 2041
2041 2042
2042 2043
2043 2044
2044 2045
2045 2046
2046 2047
2047 2048
2048 2049
2049 2050
2050 2051
2051 2052
2052 2053
2053 2054
2054 2055
2055 2056
2056 2057
2057 2058
2058 2059
2059 2060
2060 2061
2061 2062
2062 2063
2063 2064
2064 2065
2065 2066
2066 2067
2067 2068
2068 2069
2069 2070
2070 2071
2071 2072
2072 2073
2073 2074
2074 2075
2075 2076
2076 2077
2077 2078
2078 2079
2079 2080
2080 2081
2081 2082
2082 2083
2083 2084
2084 2085
2085 2086
2086 2087
2087 2088
2088 2089
2089 2090
2090 2091
2091 2092
2092 2093
2093 2094
2094 2095
2095 2096
2096 2097
2097 2098
2098 2099
2099 2100
2100 2101
2101 2102
2102 2103
2103 2104
2104 2105
2105 2106
2106 2107
2107 2108
2108 2109
2109 2110
2110 2111
2111 2112
2112 2113
2113 2114
2114 2115
2115 2116
2116 2117
2117 2118
2118 2119
2119 2120
2120 2121
2121 2122
2122 2123
2123 2124
2124 2125
2125 2126
2126 2127
2127 2128
2128 2129
2129 2130
2130 2131
2132 2133
2133 2134
2134 2135
2135 2136
2136 2137
2137 2138
2138 2139
2139 2140
2140 2141
2141 2142
2142 2143
2143 2144
2144 2145
2145 2146
2146 2147
2147 2148
2148 2149
2149 2150
2150 2151
2151 2152
2152 2153
2153 2154
2154 2155
2155 2156
2156 2157
2157 2158
2158 2159
2159 2160
2160 2161
2161 2162
2162 2163
2163 2164
2164 2165
2165 2166
2166 2167
2167 2168
2168 2169
2169 2170
2170 2171
2171 2172
2172 2173
2173 2174
2174 2175
2175 2176
2176 2177
2177 2178
2178 2179
2179 2180
2180 2181
2181 2182
2182 2183
2183 2184
2184 2185
2185 2186
2186 2187
2187 2188
2188 2189
2189 2190
2190 2191
2191 2192
2192 2193
2193 2194
2194 2195
2195 2196
2196 2197
2197 2198
2198 2199
2199 2200
2200 2201
2202 2203
2203 2204
2204 2205
2205 2206
2206 2207
2207 2208
2208 2209
2209 2210
2210 2211
2211 2212
2212 2213
2213 2214
2214 2215
2215 2216
2216 2217
2217 2218
2218 2219
2219 2220
2220 2221
2221 2222
2222 2223
2223 2224
2224 2225
2225 2226
2226 2227
2227 2228
2228 2229
2229 2230
2230 2231
2231 2232
2232 2233
2234 2235
2235 2236
2236 2237
2237 2238
2238 2239
2239 2240
2240 2241
2241 2242
2242 2243
2243 2244
2244 2245
2245 2246
2246 2247
2247 2248
2248 2249
2249 2250
2250 2251
2251 2252
2252 2253
2253 2254
2254 2255
2255 2256
2256 2257
2257 2258
2258 2259
2259 2260
2260 2261
2261 2262
2262 2263
2263 2264
2264 2265
2265 2266
2266 2267
2267 2268
2268 2269
2269 2270
2270 2271
2271 2272
2272 2273
2273 2274
2274 2275
2275 2276
2276 2277
2278 2279
2279 2280
2280 2281
2281 2282
2282 2283
2283 2284
2284 2285
2285 2286
2286 2287
2287 2288
2288 2289
2289 2290
2290 2291
2291 2292
2292 2293
2293 2294
2294 2295
2295 2296
2296 2297
2297 2298
2298 2299
2299 2300
2300 2301
2301 2302
2302 2303
2303 2304
2304 2305
2305 2306
2306 2307
2307 2308
2308 2309
2309 2310
2310 2311
2311 2312
2312 2313
2313 2314
2314 2315
2315 2316
2316 2317
2318 2319
2319 2320
2320 2321
2321 2322
2322 2323
2323 2324
2324 2325
2325 2326
2326 2327
2327 2328
2328 2329
2329 2330
2330 2331
2331 2332
2332 2333
2333 2334
2334 2335
2335 2336
2336 2337
2337 2338
2338 2339
2339 2340
2340 2341
2341 2342
2342 2343
2343 2344
2344 2345
2345 2346
2346 2347
2347 2348
2348 2349
2349 2350
2350 2351
2351 2352
2352 2353
2353 2354
2354 2355
2355 2356
2356 2357
2357 2358
2358 2359
2359 2360
2360 2361
2361 2362
2362 2363
2363 2364
2364 2365
2365 2366
2366 2367
2367 2368
2368 2369
2369 2370
2370 2371
2371 2372
2372 2373
2373 2374
2374 2375
2375 2376
2376 2377
2377 2378
2378 2379
2379 2380
2380 2381
2382 2383
2383 2384
2384 2385
2385 2386
2386 2387
2387 2388
2388 2389
2389 2390
2390 2391
2391 2392
2392 2393
2393 2394
2394 2395
2395 2396
2396 2397
2397 2398
2398 2399
2399 2400
2400 2401
2401 2402
2402 2403
2403 2404
2404 2405
2405 2406
2407 2408
2408 2409
2409 2410
2410 2411
2411 2412
2412 2413
2413 2414
2415 2416
2416 2417
2417 2418
2418 2419
2419 2420
2420 2421
2421 2422
2422 2423
2423 2424
2424 2425
2425 2426
2426 2427
2427 2428
2428 2429
2429 2430
2430 2431
2431 2432
2432 2433
2433 2434
2434 2435
2435 2436
2436 2437
2437 2438
2438 2439
2439 2440
2440 2441
2441 2442
2442 2443
2443 2444
2444 2445
2445 2446
2446 2447
2447 2448
2448 2449
2449 2450
2450 2451
2451 2452
2452 2453
2453 2454
2454 2455
2455 2456
2456 2457
2457 2458
2458 2459
2459 2460
2460 2461
2461 2462
2462 2463
2463 2464
2464 2465
2465 2466
2466 2467
2467 2468
2468 2469
2469 2470
2470 2471
2471 2472
2472 2473
2473 2474
2474 2475
2475 2476
2476 2477
2477 2478
2478 2479
2479 2480
2480 2481
2481 2482
2482 2483
2483 2484
2484 2485
2485 2486
2486 2487
2487 2488
2488 2489
2489 2490
2490 2491
2491 2492
2492 2493
2493 2494
2494 2495
2495 2496
2496 2497
2497 2498
2498 2499
2499 2500
2500 2501
2501 2502
2502 2503
2503 2504
2504 2505
2505 2506
2506 2507
2507 2508
2508 2509
2509 2510
2510 2511
2511 2512
2512 2513
2513 2514
2514 2515
2515 2516
2516 2517
2517 2518
2518 2519
2519 2520
2520 2521
2521 2522
2522 2523
2523 2524
2524 2525
2525 2526
2526 2527
2527 2528
2528 2529
2529 2530
2530 2531
2531 2532
2532 2533
2533 2534
2534 2535
2535 2536
2536 2537
2537 2538
2538 2539
2539 2540
2540 2541
2541 2542
2542 2543
2543 2544
2544 2545
2545 2546
2546 2547
2547 2548
2548 2549
2549 2550
2550 2551
2551 2552
2552 2553
2553 2554
2554 2555
2555 2556
2556 2557
2557 2558
2558 2559
2559 2560
2560 2561
2561 2562
2562 2563
2563 2564
2564 2565
2565 2566
2566 2567
2567 2568
2568 2569
2569 2570
2570 2571
2571 2572
2572 2573
2573 2574
2574 2575
2575 2576
2576 2577
2577 2578
2578 2579
2579 2580
2580 2581
2581 2582
2582 2583
2583 2584
2584 2585
2585 2586
2586 2587
2587 2588
2588 2589
2589 2590
2590 2591
2591 2592
2592 2593
2593 2594
2594 2595
2595 2596
2596 2597
2597 2598
2598 2599
2599 2600
2600 2601
2601 2602
2602 2603
2603 2604
2604 2605
2605 2606
2606 2607
2607 2608
2608 2609
2609 2610
2610 2611
2611 2612
2612 2613
2613 2614
2614 2615
2615 2616
2616 2617
2617 2618
2618 2619
2619 2620
2620 2621
2621 2622
2622 2623
2623 2624
2624 2625
2625 2626
2626 2627
2627 2628
2628 2629
2629 2630
2630 2631
2631 2632
2632 2633
2633 2634
2634 2635
2635 2636
2636 2637
2637 2638
2638 2639
2639 2640
2640 2641
2641 2642
2642 2643
2643 2644
2644 2645
2645 2646
2646 2647
2647 2648
2648 2649
2649 2650
2650 2651
2651 2652
2652 2653
2653 2654
2654 2655
2655 2656
2656 2657
2657 2658
2658 2659
2659 2660
2660 2661
2661 2662
2662 2663
2663 2664
2664 2665
2665 2666
2666 2667
2667 2668
2668 2669
2669 2670
2670 2671
2671 2672
2672 2673
2673 2674
2674 2675
2675 2676
2676 2677
2677 2678
2678 2679
2679 2680
2680 2681
2681 2682
2682 2683
2683 2684
2684 2685
2685 2686
2686 2687
2687 2688
2688 2689
2689 2690
2690 2691
2691 2692
2692 2693
2693 2694
2694 2695
2695 2696
2696 2697
2697 2698
2698 2699
2699 2700
2700 2701
2701 2702
2702 2703
2703 2704
2704 2705
2705 2706
2706 2707
2707 2708
2708 2709
2709 2710
2710 2711
2711 2712
2712 2713
2713 2714
2714 2715
2715 2716
2716 2717
2717 2718
2718 2719
2719 2720
2720 2721
2721 2722
2722 2723
2723 2724
2724 2725
2725 2726
2726 2727
2727 2728
2728 2729
2729 2730
2730 2731
2731 2732
2732 2733
2733 2734
2734 2735
2735 2736
2736 2737
2737 2738
2738 2739
2739 2740
2740 2741
2741 2742
2742 2743
2743 2744
2744 2745
2745 2746
2746 2747
2747 2748
2748 2749
2749 2750
2750 2751
2751 2752
2752 2753
2753 2754
2754 2755
2755 2756
2756 2757
2757 2758
2758 2759
2759 2760
2760 2761
2761 2762
2762 2763
2763 2764
2764 2765
2765 2766
2766 2767
2767 2768
2768 2769
2769 2770
2770 2771
2771 2772
2772 2773
2773 2774
2774 2775
2775 2776
2776 2777
2777 2778
2778 2779
2779 2780
2780 2781
2781 2782
2782 2783
2783 2784
2784 2785
2785 2786
2786 2787
2787 2788
2788 2789
2789 2790
2790 2791
2791 2792
2792 2793
2793 2794
2794 2795
2795 2796
2796 2797
2797 2798
2798 2799
2799 2800
2800 2801
2801 2802
2802 2803
2803 2804
2804 2805
2805 2806
2806 2807
2807 2808
2808 2809
2809 2810
2810 2811
2811 2812
2812 2813
2813 2814
2814 2815
2815 2816
2816 2817
2817 2818
2818 2819
2819 2820
2820 2821
2821 2822
2822 2823
2823 2824
2824 2825
2825 2826
2826 2827
2827 2828
2828 2829
2829 2830
2830 2831
2831 2832
2832 2833
2833 2834
2834 2835
2835 2836
2836 2837
2837 2838
2838 2839
2839 2840
2840 2841
2841 2842
2842 2843
2843 2844
2844 2845
2845 2846
2846 2847
2847 2848
2848 2849
2849 2850
2850 2851
2851 2852
2852 2853
2853 2854
2854 2855
2855 2856
2856 2857
2857 2858
2858 2859
2859 2860
2860 2861
2861 2862
2862 2863
2863 2864
2864 2865
2865 2866
2866 2867
2867 2868
2868 2869
2869 2870
2870 2871
2871 2872
2872 2873
2873 2874
2874 2875
2875 2876
2876 2877
2877 2878
2878 2879
2879 2880
2880 2881
2881 2882
2882 2883
2883 2884
2884 2885
2885 2886
2886 2887
2887 2888
2888 2889
2889 2890
2890 2891
2891 2892
2892 2893
2893 2894
2894 2895
2895 2896
2896 2897
2897 2898
2898 2899
2899 2900
2900 2901
2901 2902
2902 2903
2903 2904
2904 2905
2905 2906
2906 2907
2907 2908
2908 2909
2909 2910
2910 2911
2911 2912
2912 2913
2913 2914
2914 2915
2915 2916
2916 2917
2917 2918
2918 2919
2919 2920
2920 2921
2921 2922
2922 2923
2923 2924
2924 2925
2925 2926
2926 2927
2927 2928
2928 2929
2929 2930
2930 2931
2931 2932
2932 2933
2933 2934
2934 2935
2935 2936
2936 2937
2937 2938
2938 2939
2939 2940
2940 2941
2941 2942
2942 2943
2943 2944
2944 2945
2945 2946
2946 2947
2947 2948
2948 2949
2949 2950
2950 2951
2951 2952
2952 2953
2953 2954
2954 2955
2955 2956
2956 2957
2957 2958
2958 2959
2959 2960
2960 2961
2961 2962
2962 2963
2963 2964
2964 2965
2965 2966
2966 2967
2967 2968
2968 2969
2969 2970
2970 2971
2971 2972
2972 2973
2973 2974
2974 2975
2975 2976
2976 2977
2977 2978
2978 2979
2979 2980
2980 2981
2981 2982
2982 2983
2983 2984
2984 2985
2985 2986
2986 2987
2987 2988
2988 2989
2989 2990
2990 2991
2991 2992
2992 2993
2993 2994
2994 2995
2995 2996
2996 2997
2997 2998
2998 2999
2999 3000
3000 3001
3001 3002
3002 3003
3003 3004
3004 3005
3005 3006
3006 3007
3007 3008
3008 3009
3009 3010
3010 3011
3012 3013
3013 3014
3014 3015
3015 3016
3016 3017
3017 3018
3018 3019
3019 3020
3020 3021
3021 3022
3022 3023
3023 3024
3024 3025
3025 3026
3026 3027
3027 3028
3028 3029
3029 3030
3030 3031
3031 3032
3032 3033
3033 3034
3034 3035
3035 3036
3036 3037
3037 3038
3038 3039
3039 3040
3040 3041
3041 3042
3042 3043
3043 3044
3044 3045
3045 3046
3046 3047
3047 3048
3048 3049
3049 3050
3050 3051
3051 3052
3052 3053
3053 3054
3054 3055
3055 3056
3056 3057
3057 3058
3058 3059
3059 3060
3060 3061
3061 3062
3062 3063
3063 3064
3064 3065
3065 3066
3066 3067
3067 3068
3068 3069
3069 3070
3070 3071
3071 3072
3072 3073
3073 3074
3074 3075
3075 3076
3076 3077
3077 3078
3078 3079
3079 3080
3080 3081
3081 3082
3082 3083
3083 3084
3084 3085
3085 3086
3086 3087
3087 3088
3088 3089
3089 3090
3090 3091
3091 3092
3092 3093
3093 3094
3094 3095
3095 3096
3096 3097
3097 3098
3098 3099
3099 3100
3100 3101
3101 3102
3102 3103
3103 3104
3104 3105
3105 3106
3106 3107
3107 3108
3108 3109
3109 3110
3110 3111
3111 3112
3112 3113
3113 3114
3114 3115
3115 3116
3116 3117
3117 3118
3118 3119
3119 3120
3120 3121
3121 3122
3122 3123
3123 3124
3124 3125
3125 3126
3126 3127
3127 3128
3128 3129
3129 3130
3130 3131
3131 3132
3132 3133
3133 3134
3134 3135
3135 3136
3136 3137
3137 3138
3138 3139
3139 3140
3140 3141
3141 3142
3142 3143
3143 3144
3144 3145
3145 3146
3146 3147
3147 3148
3148 3149
3149 3150
3150 3151
3151 3152
3152 3153
3153 3154
3154 3155
3155 3156
3156 3157
3157 3158
3158 3159
3159 3160
3160 3161
3161 3162
3162 3163
3163 3164
3164 3165
3165 3166
3166 3167
3167 3168
3168 3169
3169 3170
3170 3171
3171 3172
3172 3173
3173 3174
3174 3175
3175 3176
3176 3177
3177 3178
3178 3179
3179 3180
3180 3181
3181 3182
3182 3183
3183 3184
3184 3185
3185 3186
3186 3187
3187 3188
3188 3189
3189 3190
3190 3191
3191 3192
3192 3193
3193 3194
3194 3195
3195 3196
3196 3197
3197 3198
3198 3199
3199 3200
3200 3201
3201 3202
3202 3203
3203 3204
3204 3205
3205 3206
3206 3207
3207 3208
3208 3209
3209 3210
3210 3211
3211 3212
3212 3213
3213 3214
3214 3215
3215 3216
3216 3217
3217 3218
3218 3219
3219 3220
3220 3221
3221 3222
3222 3223
3223 3224
3224 3225
3225 3226
3226 3227
3227 3228
3228 3229
3229 3230
3230 3231
3231 3232
3232 3233
3233 3234
3234 3235
3235 3236
3236 3237
3237 3238
3238 3239
3239 3240
3240 3241
3241 3242
3242 3243
3243 3244
3244 3245
3245 3246
3246 3247
3247 3248
3248 3249
3249 3250
3250 3251
3251 3252
3252 3253
3253 3254
3254 3255
3255 3256
3256 3257
3257 3258
3258 3259
3259 3260
3260 3261
3261 3262
3262 3263
3263 3264
3264 3265
3265 3266
3266 3267
3267 3268
3268 3269
3269 3270
3270 3271
3271 3272
3272 3273
3273 3274
3274 3275
3275 3276
3276 3277
3277 3278
3278 3279
3279 3280
3280 3281
3281 3282
3282 3283
3283 3284
3284 3285
3285 3286
3286 3287
3287 3288
3288 3289
3289 3290
3290 3291
3291 3292
3292 3293
3293 3294
3294 3295
3295 3296
3296 3297
3297 3298
3298 3299
3299 3300
3300 3301
3301 3302
3302 3303
3303 3304
3304 3305
3305 3306
3306 3307
3307 3308
3308 3309
3309 3310
3310 3311
3311 3312
3312 3313
3313 3314
3314 3315
3315 3316
3316 3317
3317 3318
3318 3319
3319 3320
3320 3321
3321 3322
3322 3323
3323 3324
3324 3325
3325 3326
3326 3327
3327 3328
3328 3329
3329 3330
3330 3331
3331 3332
3332 3333
3333 3334
3334 3335
3335 3336
3336 3337
3337 3338
3338 3339
3339 3340
3340 3341
3341 3342
3342 3343
3343 3344
3344 3345
3345 3346
3346 3347
3347 3348
3348 3349
3349 3350
3350 3351
3351 3352
3352 3353
3353 3354
3354 3355
3355 3356
3356 3357
3357 3358
3358 3359
3359 3360
3360 3361
3361 3362
3362 3363
3363 3364
3364 3365
3365 3366
3366 3367
3367 3368
3368 3369
3369 3370
3370 3371
3371 3372
3372 3373
3373 3374
3374 3375
3375 3376
3376 3377
3377 3378
3378 3379
3379 3380
3380 3381
3381 3382
3382 3383
3383 3384
3384 3385
3385 3386
3386 3387
3387 3388
3388 3389
3389 3390
3390 3391
3391 3392
3392 3393
3393 3394
3394 3395
3395 3396
3396 3397
3397 3398
3398 3399
3399 3400
3400 3401
3401 3402
3402 3403
3403 3404
3404 3405
3405 3406
3406 3407
3407 3408
3408 3409
3409 3410
3410 3411
3411 3412
3412 3413
3413 3414
3414 3415
3415 3416
3416 3417
3417 3418
3418 3419
3419 3420
3420 3421
3421 3422
3422 3423
3423 3424
3424 3425
3425 3426
3426 3427
3427 3428
3428 3429
3429 3430
3430 3431
3431 3432
3432 3433
3433 3434
3434 3435
3435 3436
3436 3437
3437 3438
3438 3439
3439 3440
3440 3441
3441 3442
3442 3443
3443 3444
3444 3445
3445 3446
3446 3447
3447 3448
3448 3449
3449 3450
3450 3451
3451 3452
3452 3453
3453 3454
3454 3455
3455 3456
3456 3457
3457 3458
3458 3459
3459 3460
3460 3461
3461 3462
3462 3463
3463 3464
3464 3465
3465 3466
3466 3467
3467 3468
3468 3469
3469 3470
3470 3471
3471 3472
3472 3473
3473 3474
3474 3475
3475 3476
3476 3477
3477 3478
3478 3479
3479 3480
3480 3481
3481 3482
3482 3483
3483 3484
3484 3485
3485 3486
3486 3487
3487 3488
3488 3489
3489 3490
3490 3491
3491 3492
3492 3493
3493 3494
3494 3495
3495 3496
3496 3497
3497 3498
3498 3499
3499 3500
3500 3501
3501 3502
3502 3503
3503 3504
3504 3505
3506 3507
3507 3508
3508 3509
3509 3510
3510 3511
3511 3512
3512 3513
3513 3514
3514 3515
3515 3516
3516 3517
3517 3518
3518 3519
3519 3520
3520 3521
3521 3522
3522 3523
3523 3524
3524 3525
3525 3526
3526 3527
3527 3528
3528 3529
3529 3530
3530 3531
3532 3533
3533 3534
3534 3535
3535 3536
3536 3537
3537 3538
3538 3539
3539 3540
3540 3541
3541 3542
3542 3543
3543 3544
3544 3545
3545 3546
3546 3547
3547 3548
3548 3549
3549 3550
3550 3551
3551 3552
3552 3553
3553 3554
3554 3555
3555 3556
3556 3557
3557 3558
3558 3559
3559 3560
3560 3561
3561 3562
3562 3563
3563 3564
3564 3565
3565 3566
3566 3567
3567 3568
3568 3569
3569 3570
3570 3571
3572 3573
3573 3574
3574 3575
3575 3576
3576 3577
3577 3578
3578 3579
3579 3580
3580 3581
3581 3582
3582 3583
3583 3584
3584 3585
3585 3586
3586 3587
3587 3588
3588 3589
3589 3590
3590 3591
3591 3592
3592 3593
3593 3594
3594 3595
3595 3596
3597 3598
3598 3599
3599 3600
3600 3601
3601 3602
3602 3603
3603 3604
3604 3605
3605 3606
3606 3607
3607 3608
3608 3609
3609 3610
3610 3611
3611 3612
3612 3613
3613 3614
3614 3615
3615 3616
3616 3617
3617 3618
3618 3619
3619 3620
3620 3621
3621 3622
3622 3623
3623 3624
3624 3625
3625 3626
3626 3627
3627 3628
3628 3629
3629 3630
3630 3631
3631 3632
3632 3633
3633 3634
3634 3635
3635 3636
3636 3637
3637 3638
3638 3639
3639 3640
3641 3642
3642 3643
3643 3644
3644 3645
3645 3646
3646 3647
3647 3648
3648 3649
3649 3650
3650 3651
3651 3652
3652 3653
3653 3654
3654 3655
3655 3656
3656 3657
3657 3658
3658 3659
3659 3660
3660 3661
3661 3662
3662 3663
3663 3664
