1703
22 188
22 212
23 213
23 215
24 216
24 217
25 218
25 219
26 220
26 221
27 222
27 223
28 224
28 225
29 226
29 227
31 229
31 230
35 234
36 234
37 235
38 235
39 236
42 236
43 237
45 237
46 238
47 238
48 239
49 239
50 240
52 240
55 243
55 247
54 248
54 250
53 251
53 260
54 261
54 263
55 264
55 265
56 266
56 268
57 269
57 272
58 273
58 274
60 276
60 277
62 279
63 279
76 292
77 292
78 293
79 293
80 294
82 294
83 295
84 295
86 297
87 297
88 298
89 298
90 299
92 299
93 300
109 300
110 299
112 299
113 298
114 298
115 297
116 297
120 301
120 303
121 304
121 306
122 307
122 308
123 309
123 311
124 312
124 314
125 315
125 317
126 318
126 320
127 321
127 413
126 414
126 416
125 417
125 419
124 420
124 470
125 471
125 472
127 474
127 475
128 476
128 483
127 484
127 486
131 490
133 490
134 491
136 491
137 492
139 492
140 493
143 493
144 492
146 492
147 491
148 491
150 489
150 488
152 486
152 471
153 470
153 469
155 467
156 467
157 466
158 467
158 468
161 471
161 472
163 474
163 483
167 487
179 487
183 483
183 469
182 468
182 466
181 465
181 463
180 462
180 448
181 447
181 445
182 444
182 442
183 441
183 428
184 427
184 425
185 424
185 423
186 422
186 420
187 419
187 410
188 409
188 407
189 406
189 404
190 403
190 386
191 385
191 383
192 382
192 381
193 380
193 378
194 377
194 368
195 367
195 365
196 364
196 363
197 362
197 361
200 358
201 358
203 356
226 356
227 355
229 355
230 354
232 354
233 353
246 353
247 352
249 352
250 351
251 351
252 350
254 350
255 349
258 349
259 348
261 348
262 347
263 347
264 346
265 346
266 345
267 345
272 340
273 340
275 338
276 338
277 337
278 337
282 333
282 332
285 329
287 329
288 330
289 330
290 331
290 332
291 333
291 334
294 337
295 337
296 338
297 338
299 340
300 340
305 345
306 345
307 346
308 346
309 347
310 347
311 348
313 348
314 349
317 349
318 350
320 350
321 351
322 351
323 352
324 352
327 355
327 356
329 358
329 360
330 361
330 363
331 364
331 366
332 367
332 370
333 371
333 373
334 374
334 375
335 376
335 378
336 379
336 381
337 382
337 384
338 385
338 387
339 388
339 391
340 392
340 394
341 395
341 396
342 397
342 399
343 400
343 417
344 418
344 420
345 421
345 423
346 424
346 437
347 438
347 440
348 441
348 442
349 443
349 445
350 446
350 456
351 457
351 458
353 460
353 461
355 463
355 464
356 465
356 466
357 467
357 473
358 474
358 476
359 477
359 479
360 480
360 483
364 487
370 487
371 486
373 486
374 485
375 485
376 484
378 484
379 483
381 483
385 479
385 474
384 473
384 471
383 470
383 469
382 468
382 466
381 465
381 462
380 461
380 459
379 458
379 456
378 455
378 445
377 444
377 442
376 441
376 440
375 439
375 437
374 436
374 422
375 421
375 420
376 419
379 419
380 420
380 421
381 422
381 424
382 425
382 434
383 435
383 437
384 438
384 439
385 440
385 441
386 442
386 443
387 444
387 445
388 446
388 448
389 449
389 459
390 460
390 461
391 462
391 463
392 464
393 464
394 465
395 465
396 466
411 466
412 465
413 465
414 464
414 463
415 462
415 460
414 459
414 456
413 455
413 452
412 451
412 449
411 448
411 447
410 446
410 444
409 443
409 441
408 440
408 438
407 437
407 435
406 434
406 428
405 427
405 425
404 424
404 423
403 422
403 420
402 419
402 398
401 397
401 395
400 394
400 392
399 391
399 368
398 367
398 365
397 364
397 363
396 362
396 360
395 359
395 333
396 332
396 330
397 329
397 328
398 327
398 326
400 324
401 324
402 323
403 323
404 322
405 322
406 323
408 323
409 324
435 324
436 323
438 323
439 322
440 322
441 321
442 321
443 320
444 320
453 311
453 310
454 309
454 308
455 307
455 306
456 305
456 304
457 303
457 302
458 301
458 300
459 299
459 297
460 296
460 294
461 293
461 291
462 290
462 287
467 282
483 282
484 281
486 281
487 280
488 280
489 279
490 279
492 277
493 277
494 276
496 276
502 270
502 269
503 268
503 267
505 265
505 264
506 263
506 262
507 261
507 259
508 258
508 255
510 253
511 253
512 252
513 252
514 253
515 253
516 254
523 254
524 255
526 255
527 256
529 256
530 257
535 257
536 258
538 258
539 259
540 259
541 260
543 260
544 261
568 261
569 260
571 260
572 259
573 259
574 258
576 258
577 257
586 257
587 256
595 256
596 257
597 257
599 259
600 259
603 262
604 262
605 263
606 263
607 264
608 264
609 265
610 265
611 266
612 266
613 267
614 267
615 268
618 268
619 269
621 269
622 270
624 270
625 271
638 271
639 270
641 270
642 269
644 269
645 268
649 268
650 267
651 267
652 266
653 266
654 265
655 265
656 264
657 264
658 263
659 263
661 261
662 261
664 259
664 258
666 256
666 255
667 254
667 253
668 252
668 250
669 249
669 248
671 246
671 245
672 244
672 243
673 242
673 240
674 239
674 226
673 225
673 223
672 222
672 221
671 220
671 218
670 217
670 215
669 214
669 212
668 211
668 210
667 209
667 208
666 207
666 206
663 203
663 202
661 200
661 199
660 198
660 197
658 195
658 194
650 186
649 186
648 185
647 185
646 184
645 184
643 182
642 182
634 174
633 174
632 173
631 173
628 170
627 170
623 166
622 166
621 165
620 165
619 164
618 164
617 163
616 163
615 162
614 162
613 161
611 161
610 160
608 160
607 159
604 159
603 158
601 158
600 157
599 157
598 156
597 156
595 154
593 154
592 153
590 153
589 152
586 152
585 151
583 151
582 150
581 150
580 149
579 149
578 148
576 148
575 147
573 147
572 146
570 146
569 145
566 145
565 144
563 144
562 143
561 143
560 142
558 142
557 141
554 141
553 140
552 140
548 136
548 131
549 130
549 128
550 127
550 109
549 108
549 106
548 105
548 103
547 102
547 96
546 95
546 93
545 92
545 91
544 90
544 89
543 88
543 87
541 85
541 84
538 81
538 80
536 78
536 77
535 76
535 75
533 73
533 72
524 63
523 63
521 61
520 61
519 60
518 60
515 57
514 57
510 53
509 53
508 52
507 52
506 51
505 51
504 50
503 50
502 49
501 49
500 48
499 48
498 47
496 47
495 46
491 46
490 45
488 45
487 44
486 44
485 43
484 43
483 42
480 42
479 41
477 41
476 40
474 40
473 39
430 39
429 40
427 40
426 41
424 41
423 42
421 42
420 43
418 43
417 44
416 44
415 45
414 45
413 46
412 46
411 47
410 47
409 48
408 48
407 49
406 49
405 50
404 50
403 51
402 51
401 52
400 52
399 53
398 53
396 55
395 55
384 66
381 66
377 62
377 61
376 60
376 59
375 58
375 57
373 55
373 54
364 45
364 44
358 38
357 38
355 36
353 36
352 35
350 35
349 34
347 34
346 33
344 33
343 32
326 32
325 33
323 33
322 34
320 34
319 35
315 35
314 36
313 36
312 37
311 37
310 38
308 38
307 39
305 39
304 38
302 38
300 36
299 36
290 27
289 27
288 26
287 26
286 25
285 25
282 22
281 22
277 18
276 18
275 17
274 17
273 16
272 16
271 15
269 15
268 14
264 14
263 13
261 13
260 12
258 12
257 11
255 11
254 10
252 10
251 9
250 9
249 8
247 8
246 7
213 7
212 8
211 8
210 9
209 9
208 10
206 10
205 11
201 11
200 12
199 12
196 15
195 15
193 17
192 17
191 18
190 18
189 19
188 19
186 21
185 21
183 23
183 24
181 26
181 27
180 28
180 29
175 34
170 34
169 33
167 33
166 32
160 32
159 31
157 31
156 30
155 30
154 29
152 29
151 28
124 28
123 29
121 29
120 30
119 30
118 31
116 31
115 32
113 32
112 33
111 33
110 34
109 34
106 37
105 37
101 41
100 41
99 42
99 43
98 44
98 45
97 46
97 48
96 49
96 52
95 53
95 55
94 56
94 57
93 58
93 59
92 60
92 67
91 68
91 69
87 73
86 73
85 74
75 74
74 75
73 75
72 76
71 76
70 77
69 77
68 78
67 78
66 79
65 79
64 80
62 80
61 81
60 81
59 82
58 82
56 84
55 84
53 86
53 87
51 89
51 90
50 91
50 95
49 96
49 98
48 99
48 100
46 102
46 103
45 104
45 105
44 106
44 108
43 109
43 134
44 135
44 137
45 138
45 139
46 140
46 141
48 143
48 144
49 145
49 149
45 153
44 153
43 154
41 154
40 155
39 155
38 156
37 156
33 160
33 161
32 162
32 163
31 164
31 165
30 166
30 167
29 168
29 169
28 170
28 171
27 172
27 173
26 174
26 176
25 177
25 181
24 182
24 184
23 185
23 187
154 416
157 416
159 418
159 430
157 434
154 434
152 432
152 420
372 395
375 395
376 396
376 398
378 402
378 411
376 414
373 414
370 408
370 397
369 369
372 369
375 375
375 382
373 384
370 384
369 383
369 381
367 377
367 372
161 347
166 353
166 377
163 384
163 405
161 410
157 411
155 408
155 351
485 173
488 169
493 168
498 178
502 180
510 180
513 182
513 185
509 187
502 187
494 184
485 176
437 123
442 127
442 134
438 139
433 142
431 142
427 138
427 131
431 125
379 89
381 87
381 86
384 83
384 82
385 81
385 80
388 77
388 76
403 61
404 61
406 59
407 59
408 58
409 58
410 57
411 57
412 56
413 56
414 55
415 55
416 54
417 54
418 53
419 53
420 52
421 52
422 51
423 51
424 50
426 50
427 49
430 49
431 48
433 48
434 47
435 47
436 46
438 46
439 45
465 45
466 46
468 46
469 47
470 47
471 48
473 48
474 49
481 49
482 50
484 50
485 51
486 51
488 53
489 53
490 54
491 54
492 55
493 55
494 56
495 56
496 57
497 57
498 58
499 58
500 59
501 59
502 60
503 60
504 61
505 61
506 62
507 62
508 63
509 63
511 65
512 65
531 84
531 85
533 87
533 88
534 89
534 90
535 91
535 92
536 93
536 94
537 95
537 96
538 97
538 98
539 99
539 101
540 102
540 108
541 109
541 111
542 112
542 113
543 114
543 116
544 117
544 119
543 120
543 122
542 123
542 124
541 125
541 127
540 128
540 140
541 141
541 143
545 147
547 147
548 148
551 148
552 149
554 149
555 150
557 150
558 151
560 151
561 152
563 152
564 153
565 153
566 154
568 154
569 155
576 155
577 156
579 156
580 157
582 157
583 158
586 158
587 159
589 159
590 160
591 160
592 161
593 161
595 163
597 163
598 164
599 164
601 166
602 166
603 167
604 167
605 168
606 168
607 169
608 169
609 170
610 170
611 171
612 171
613 172
614 172
615 173
616 173
617 174
618 174
619 175
620 175
621 176
622 176
624 178
625 178
628 181
629 181
630 182
631 182
632 183
633 183
635 185
636 185
642 191
642 192
651 201
652 201
654 203
654 204
657 207
657 208
658 209
658 211
659 212
659 213
660 214
660 215
661 216
661 217
662 218
662 219
663 220
663 222
664 223
664 230
665 231
665 239
664 240
664 243
663 244
663 245
662 246
662 247
650 259
649 259
647 261
643 261
642 262
641 262
640 263
639 263
638 264
636 264
635 265
633 265
632 264
630 264
629 263
628 263
627 262
625 262
624 261
617 261
616 260
615 260
613 258
612 258
609 255
608 255
607 254
606 254
604 252
603 252
599 248
599 247
597 245
597 244
596 243
596 242
595 241
595 240
594 239
594 238
593 237
593 236
592 235
592 234
591 233
591 232
590 231
590 229
589 228
589 226
585 222
584 222
583 223
582 223
581 224
581 225
580 226
580 227
581 228
581 230
582 231
582 233
583 234
583 237
584 238
584 240
585 241
585 245
584 246
584 247
582 249
581 249
580 250
579 250
578 251
565 251
564 252
562 252
561 253
559 253
558 254
554 254
553 253
551 253
550 252
548 252
547 251
533 251
532 250
530 250
529 249
528 249
527 248
526 248
525 247
518 247
517 246
515 246
514 245
513 245
511 243
510 243
509 242
508 242
507 241
506 241
503 238
503 237
502 236
502 235
503 234
503 233
509 227
509 226
511 224
511 222
512 221
512 202
511 201
511 197
512 196
512 195
516 191
517 191
518 190
519 190
520 189
521 189
522 188
524 188
531 181
531 180
534 177
534 176
536 174
536 173
537 172
537 171
538 170
538 169
539 168
539 166
540 165
540 164
539 163
539 162
534 157
534 154
535 153
535 152
534 151
534 150
533 149
532 149
531 148
513 148
512 149
510 149
509 150
508 150
507 151
505 151
504 152
498 152
497 153
495 153
494 154
492 154
491 155
490 155
488 157
487 157
486 158
484 158
482 156
482 152
483 151
483 109
482 108
482 106
481 105
481 104
480 103
480 102
479 101
479 100
477 98
477 97
475 95
474 95
471 92
470 92
469 91
468 91
467 90
466 90
465 89
463 89
462 88
459 88
458 87
456 87
455 86
453 86
452 85
427 85
426 86
424 86
423 87
422 87
421 88
420 88
419 89
418 89
416 91
415 91
413 93
413 94
410 97
410 98
409 99
409 100
408 101
408 102
407 103
407 105
406 106
406 130
407 131
407 132
408 133
408 134
409 135
409 136
410 137
410 138
411 139
411 140
412 141
412 143
415 146
415 147
416 148
417 148
418 149
419 149
420 150
422 150
423 151
435 151
436 150
438 150
439 149
440 149
441 148
442 148
444 146
445 146
446 145
446 144
448 142
448 141
449 140
449 139
450 138
450 137
451 136
451 134
452 133
452 124
447 119
445 119
444 118
442 118
441 117
427 117
426 118
425 118
424 119
423 119
422 120
422 121
420 123
420 124
419 125
419 126
418 127
415 127
413 125
413 113
414 112
414 110
415 109
415 108
416 107
416 106
417 105
417 104
419 102
419 101
422 98
423 98
426 95
427 95
428 94
429 94
430 93
431 93
432 92
434 92
435 91
444 91
445 92
447 92
448 93
449 93
450 94
452 94
453 95
455 95
456 96
458 96
459 97
460 97
461 98
462 98
463 99
464 99
466 101
467 101
470 104
470 105
473 108
473 109
474 110
474 111
475 112
475 113
476 114
476 116
477 117
477 148
476 149
476 151
475 152
475 153
474 154
474 155
473 156
473 159
472 160
472 162
471 163
471 164
470 165
470 166
469 167
469 168
464 173
464 174
461 177
460 177
458 179
457 179
456 180
455 180
454 181
453 181
452 182
451 182
450 183
448 183
447 184
445 184
444 185
442 185
441 186
439 186
438 187
427 187
426 186
424 186
423 185
421 185
420 184
414 184
413 183
411 183
410 182
409 182
408 181
407 181
406 180
405 180
404 179
403 179
402 178
400 178
399 177
398 177
389 168
388 168
387 167
386 167
380 161
380 159
379 158
379 157
378 156
378 155
377 154
377 153
374 150
374 149
371 146
371 144
370 143
370 141
369 140
369 138
368 137
368 135
367 134
367 119
368 118
368 116
369 115
369 113
370 112
370 110
371 109
371 107
372 106
372 105
373 104
373 103
375 101
375 100
376 99
376 98
377 97
377 95
378 94
378 91
379 90
1695
0 1
1 2
2 3
3 4
4 5
5 6
6 7
7 8
8 9
9 10
10 11
11 12
12 13
13 14
14 15
15 16
16 17
17 18
18 19
19 20
20 21
21 22
22 23
23 24
24 25
25 26
26 27
27 28
28 29
29 30
30 31
31 32
32 33
33 34
34 35
35 36
36 37
37 38
38 39
39 40
40 41
41 42
42 43
43 44
44 45
45 46
46 47
47 48
48 49
49 50
50 51
51 52
52 53
53 54
54 55
55 56
56 57
57 58
58 59
59 60
60 61
61 62
62 63
63 64
64 65
65 66
66 67
67 68
68 69
69 70
70 71
71 72
72 73
73 74
74 75
75 76
76 77
77 78
78 79
79 80
80 81
81 82
82 83
83 84
84 85
85 86
86 87
87 88
88 89
89 90
90 91
91 92
92 93
93 94
94 95
95 96
96 97
97 98
98 99
99 100
100 101
101 102
102 103
103 104
104 105
105 106
106 107
107 108
108 109
109 110
110 111
111 112
112 113
113 114
114 115
115 116
116 117
117 118
118 119
119 120
120 121
121 122
122 123
123 124
124 125
125 126
126 127
127 128
128 129
129 130
130 131
131 132
132 133
133 134
134 135
135 136
136 137
137 138
138 139
139 140
140 141
141 142
142 143
143 144
144 145
145 146
146 147
147 148
148 149
149 150
150 151
151 152
152 153
153 154
154 155
155 156
156 157
157 158
158 159
159 160
160 161
161 162
162 163
163 164
164 165
165 166
166 167
167 168
168 169
169 170
170 171
171 172
172 173
173 174
174 175
175 176
176 177
177 178
178 179
179 180
180 181
181 182
182 183
183 184
184 185
185 186
186 187
187 188
188 189
189 190
190 191
191 192
192 193
193 194
194 195
195 196
196 197
197 198
198 199
199 200
200 201
201 202
202 203
203 204
204 205
205 206
206 207
207 208
208 209
209 210
210 211
211 212
212 213
213 214
214 215
215 216
216 217
217 218
218 219
219 220
220 221
221 222
222 223
223 224
224 225
225 226
226 227
227 228
228 229
229 230
230 231
231 232
232 233
233 234
234 235
235 236
236 237
237 238
238 239
239 240
240 241
241 242
242 243
243 244
244 245
245 246
246 247
247 248
248 249
249 250
250 251
251 252
252 253
253 254
254 255
255 256
256 257
257 258
258 259
259 260
260 261
261 262
262 263
263 264
264 265
265 266
266 267
267 268
268 269
269 270
270 271
271 272
272 273
273 274
274 275
275 276
276 277
277 278
278 279
279 280
280 281
281 282
282 283
283 284
284 285
285 286
286 287
287 288
288 289
289 290
290 291
291 292
292 293
293 294
294 295
295 296
296 297
297 298
298 299
299 300
300 301
301 302
302 303
303 304
304 305
305 306
306 307
307 308
308 309
309 310
310 311
311 312
312 313
313 314
314 315
315 316
316 317
317 318
318 319
319 320
320 321
321 322
322 323
323 324
324 325
325 326
326 327
327 328
328 329
329 330
330 331
331 332
332 333
333 334
334 335
335 336
336 337
337 338
338 339
339 340
340 341
341 342
342 343
343 344
344 345
345 346
346 347
347 348
348 349
349 350
350 351
351 352
352 353
353 354
354 355
355 356
356 357
357 358
358 359
359 360
360 361
361 362
362 363
363 364
364 365
365 366
366 367
367 368
368 369
369 370
370 371
371 372
372 373
373 374
374 375
375 376
376 377
377 378
378 379
379 380
380 381
381 382
382 383
383 384
384 385
385 386
386 387
387 388
388 389
389 390
390 391
391 392
392 393
393 394
394 395
395 396
396 397
397 398
398 399
399 400
400 401
401 402
402 403
403 404
404 405
405 406
406 407
407 408
408 409
409 410
410 411
411 412
412 413
413 414
414 415
415 416
416 417
417 418
418 419
419 420
420 421
421 422
422 423
423 424
424 425
425 426
426 427
427 428
428 429
429 430
430 431
431 432
432 433
433 434
434 435
435 436
436 437
437 438
438 439
439 440
440 441
441 442
442 443
443 444
444 445
445 446
446 447
447 448
448 449
449 450
450 451
451 452
452 453
453 454
454 455
455 456
456 457
457 458
458 459
459 460
460 461
461 462
462 463
463 464
464 465
465 466
466 467
467 468
468 469
469 470
470 471
471 472
472 473
473 474
474 475
475 476
476 477
477 478
478 479
479 480
480 481
481 482
482 483
483 484
484 485
485 486
486 487
487 488
488 489
489 490
490 491
491 492
492 493
493 494
494 495
495 496
496 497
497 498
498 499
499 500
500 501
501 502
502 503
503 504
504 505
505 506
506 507
507 508
508 509
509 510
510 511
511 512
512 513
513 514
514 515
515 516
516 517
517 518
518 519
519 520
520 521
521 522
522 523
523 524
524 525
525 526
526 527
527 528
528 529
529 530
530 531
531 532
532 533
533 534
534 535
535 536
536 537
537 538
538 539
539 540
540 541
541 542
542 543
543 544
544 545
545 546
546 547
547 548
548 549
549 550
550 551
551 552
552 553
553 554
554 555
555 556
556 557
557 558
558 559
559 560
560 561
561 562
562 563
563 564
564 565
565 566
566 567
567 568
568 569
569 570
570 571
571 572
572 573
573 574
574 575
575 576
576 577
577 578
578 579
579 580
580 581
581 582
582 583
583 584
584 585
585 586
586 587
587 588
588 589
589 590
590 591
591 592
592 593
593 594
594 595
595 596
596 597
597 598
598 599
599 600
600 601
601 602
602 603
603 604
604 605
605 606
606 607
607 608
608 609
609 610
610 611
611 612
612 613
613 614
614 615
615 616
616 617
617 618
618 619
619 620
620 621
621 622
622 623
623 624
624 625
625 626
626 627
627 628
628 629
629 630
630 631
631 632
632 633
633 634
634 635
635 636
636 637
637 638
638 639
639 640
640 641
641 642
642 643
643 644
644 645
645 646
646 647
647 648
648 649
649 650
650 651
651 652
652 653
653 654
654 655
655 656
656 657
657 658
658 659
659 660
660 661
661 662
662 663
663 664
664 665
665 666
666 667
667 668
668 669
669 670
670 671
671 672
672 673
673 674
674 675
675 676
676 677
677 678
678 679
679 680
680 681
681 682
682 683
683 684
684 685
685 686
686 687
687 688
688 689
689 690
690 691
691 692
692 693
693 694
694 695
695 696
696 697
697 698
698 699
699 700
700 701
701 702
702 703
703 704
704 705
705 706
706 707
707 708
708 709
709 710
710 711
711 712
712 713
713 714
714 715
715 716
716 717
717 718
718 719
719 720
720 721
721 722
722 723
723 724
724 725
725 726
726 727
727 728
728 729
729 730
730 731
731 732
732 733
733 734
734 735
735 736
736 737
737 738
738 739
739 740
740 741
741 742
742 743
743 744
744 745
745 746
746 747
747 748
748 749
749 750
750 751
751 752
752 753
753 754
754 755
755 756
756 757
757 758
758 759
759 760
760 761
761 762
762 763
763 764
764 765
765 766
766 767
767 768
768 769
769 770
770 771
771 772
772 773
773 774
774 775
775 776
776 777
777 778
778 779
779 780
780 781
781 782
782 783
783 784
784 785
785 786
786 787
787 788
788 789
789 790
790 791
791 792
792 793
793 794
794 795
795 796
796 797
797 798
798 799
799 800
800 801
801 802
802 803
803 804
804 805
805 806
806 807
807 808
808 809
809 810
810 811
811 812
812 813
813 814
814 815
815 816
816 817
817 818
818 819
819 820
820 821
821 822
822 823
823 824
824 825
825 826
826 827
827 828
828 829
829 830
830 831
831 832
832 833
833 834
834 835
835 836
836 837
837 838
838 839
839 840
840 841
841 842
842 843
843 844
844 845
845 846
846 847
847 848
848 849
849 850
850 851
851 852
852 853
853 854
854 855
855 856
856 857
857 858
858 859
859 860
860 861
861 862
862 863
863 864
864 865
865 866
866 867
867 868
868 869
869 870
870 871
871 872
872 873
873 874
874 875
875 876
876 877
877 878
878 879
879 880
880 881
881 882
882 883
883 884
884 885
885 886
886 887
887 888
888 889
889 890
890 891
891 892
892 893
893 894
894 895
895 896
896 897
897 898
898 899
899 900
900 901
901 902
902 903
903 904
904 905
905 906
906 907
907 908
908 909
909 910
910 911
911 912
912 913
913 914
914 915
915 916
916 917
917 918
918 919
919 920
920 921
921 922
922 923
923 924
924 925
925 926
926 927
927 928
928 929
929 930
930 931
931 932
932 933
933 934
934 935
935 936
936 937
937 938
938 939
939 940
940 941
941 942
942 943
943 944
944 945
945 946
946 947
947 948
948 949
949 950
950 951
951 952
952 953
953 954
954 955
955 956
956 957
957 958
958 959
959 960
960 961
961 962
962 963
963 964
964 965
965 966
966 967
967 968
968 969
969 970
970 971
971 972
972 973
973 974
974 975
975 976
976 977
977 978
978 979
979 980
980 981
981 982
982 983
983 984
984 985
985 986
986 987
987 988
988 989
989 990
991 992
992 993
993 994
994 995
995 996
996 997
997 998
999 1000
1000 1001
1001 1002
1002 1003
1003 1004
1004 1005
1005 1006
1006 1007
1007 1008
1009 1010
1010 1011
1011 1012
1012 1013
1013 1014
1014 1015
1015 1016
1016 1017
1017 1018
1019 1020
1020 1021
1021 1022
1022 1023
1023 1024
1024 1025
1025 1026
1026 1027
1028 1029
1029 1030
1030 1031
1031 1032
1032 1033
1033 1034
1034 1035
1035 1036
1036 1037
1037 1038
1038 1039
1040 1041
1041 1042
1042 1043
1043 1044
1044 1045
1045 1046
1046 1047
1047 1048
1049 1050
1050 1051
1051 1052
1052 1053
1053 1054
1054 1055
1055 1056
1056 1057
1057 1058
1058 1059
1059 1060
1060 1061
1061 1062
1062 1063
1063 1064
1064 1065
1065 1066
1066 1067
1067 1068
1068 1069
1069 1070
1070 1071
1071 1072
1072 1073
1073 1074
1074 1075
1075 1076
1076 1077
1077 1078
1078 1079
1079 1080
1080 1081
1081 1082
1082 1083
1083 1084
1084 1085
1085 1086
1086 1087
1087 1088
1088 1089
1089 1090
1090 1091
1091 1092
1092 1093
1093 1094
1094 1095
1095 1096
1096 1097
1097 1098
1098 1099
1099 1100
1100 1101
1101 1102
1102 1103
1103 1104
1104 1105
1105 1106
1106 1107
1107 1108
1108 1109
1109 1110
1110 1111
1111 1112
1112 1113
1113 1114
1114 1115
1115 1116
1116 1117
1117 1118
1118 1119
1119 1120
1120 1121
1121 1122
1122 1123
1123 1124
1124 1125
1125 1126
1126 1127
1127 1128
1128 1129
1129 1130
1130 1131
1131 1132
1132 1133
1133 1134
1134 1135
1135 1136
1136 1137
1137 1138
1138 1139
1139 1140
1140 1141
1141 1142
1142 1143
1143 1144
1144 1145
1145 1146
1146 1147
1147 1148
1148 1149
1149 1150
1150 1151
1151 1152
1152 1153
1153 1154
1154 1155
1155 1156
1156 1157
1157 1158
1158 1159
1159 1160
1160 1161
1161 1162
1162 1163
1163 1164
1164 1165
1165 1166
1166 1167
1167 1168
1168 1169
1169 1170
1170 1171
1171 1172
1172 1173
1173 1174
1174 1175
1175 1176
1176 1177
1177 1178
1178 1179
1179 1180
1180 1181
1181 1182
1182 1183
1183 1184
1184 1185
1185 1186
1186 1187
1187 1188
1188 1189
1189 1190
1190 1191
1191 1192
1192 1193
1193 1194
1194 1195
1195 1196
1196 1197
1197 1198
1198 1199
1199 1200
1200 1201
1201 1202
1202 1203
1203 1204
1204 1205
1205 1206
1206 1207
1207 1208
1208 1209
1209 1210
1210 1211
1211 1212
1212 1213
1213 1214
1214 1215
1215 1216
1216 1217
1217 1218
1218 1219
1219 1220
1220 1221
1221 1222
1222 1223
1223 1224
1224 1225
1225 1226
1226 1227
1227 1228
1228 1229
1229 1230
1230 1231
1231 1232
1232 1233
1233 1234
1234 1235
1235 1236
1236 1237
1237 1238
1238 1239
1239 1240
1240 1241
1241 1242
1242 1243
1243 1244
1244 1245
1245 1246
1246 1247
1247 1248
1248 1249
1249 1250
1250 1251
1251 1252
1252 1253
1253 1254
1254 1255
1255 1256
1256 1257
1257 1258
1258 1259
1259 1260
1260 1261
1261 1262
1262 1263
1263 1264
1264 1265
1265 1266
1266 1267
1267 1268
1268 1269
1269 1270
1270 1271
1271 1272
1272 1273
1273 1274
1274 1275
1275 1276
1276 1277
1277 1278
1278 1279
1279 1280
1280 1281
1281 1282
1282 1283
1283 1284
1284 1285
1285 1286
1286 1287
1287 1288
1288 1289
1289 1290
1290 1291
1291 1292
1292 1293
1293 1294
1294 1295
1295 1296
1296 1297
1297 1298
1298 1299
1299 1300
1300 1301
1301 1302
1302 1303
1303 1304
1304 1305
1305 1306
1306 1307
1307 1308
1308 1309
1309 1310
1310 1311
1311 1312
1312 1313
1313 1314
1314 1315
1315 1316
1316 1317
1317 1318
1318 1319
1319 1320
1320 1321
1321 1322
1322 1323
1323 1324
1324 1325
1325 1326
1326 1327
1327 1328
1328 1329
1329 1330
1330 1331
1331 1332
1332 1333
1333 1334
1334 1335
1335 1336
1336 1337
1337 1338
1338 1339
1339 1340
1340 1341
1341 1342
1342 1343
1343 1344
1344 1345
1345 1346
1346 1347
1347 1348
1348 1349
1349 1350
1350 1351
1351 1352
1352 1353
1353 1354
1354 1355
1355 1356
1356 1357
1357 1358
1358 1359
1359 1360
1360 1361
1361 1362
1362 1363
1363 1364
1364 1365
1365 1366
1366 1367
1367 1368
1368 1369
1369 1370
1370 1371
1371 1372
1372 1373
1373 1374
1374 1375
1375 1376
1376 1377
1377 1378
1378 1379
1379 1380
1380 1381
1381 1382
1382 1383
1383 1384
1384 1385
1385 1386
1386 1387
1387 1388
1388 1389
1389 1390
1390 1391
1391 1392
1392 1393
1393 1394
1394 1395
1395 1396
1396 1397
1397 1398
1398 1399
1399 1400
1400 1401
1401 1402
1402 1403
1403 1404
1404 1405
1405 1406
1406 1407
1407 1408
1408 1409
1409 1410
1410 1411
1411 1412
1412 1413
1413 1414
1414 1415
1415 1416
1416 1417
1417 1418
1418 1419
1419 1420
1420 1421
1421 1422
1422 1423
1423 1424
1424 1425
1425 1426
1426 1427
1427 1428
1428 1429
1429 1430
1430 1431
1431 1432
1432 1433
1433 1434
1434 1435
1435 1436
1436 1437
1437 1438
1438 1439
1439 1440
1440 1441
1441 1442
1442 1443
1443 1444
1444 1445
1445 1446
1446 1447
1447 1448
1448 1449
1449 1450
1450 1451
1451 1452
1452 1453
1453 1454
1454 1455
1455 1456
1456 1457
1457 1458
1458 1459
1459 1460
1460 1461
1461 1462
1462 1463
1463 1464
1464 1465
1465 1466
1466 1467
1467 1468
1468 1469
1469 1470
1470 1471
1471 1472
1472 1473
1473 1474
1474 1475
1475 1476
1476 1477
1477 1478
1478 1479
1479 1480
1480 1481
1481 1482
1482 1483
1483 1484
1484 1485
1485 1486
1486 1487
1487 1488
1488 1489
1489 1490
1490 1491
1491 1492
1492 1493
1493 1494
1494 1495
1495 1496
1496 1497
1497 1498
1498 1499
1499 1500
1500 1501
1501 1502
1502 1503
1503 1504
1504 1505
1505 1506
1506 1507
1507 1508
1508 1509
1509 1510
1510 1511
1511 1512
1512 1513
1513 1514
1514 1515
1515 1516
1516 1517
1517 1518
1518 1519
1519 1520
1520 1521
1521 1522
1522 1523
1523 1524
1524 1525
1525 1526
1526 1527
1527 1528
1528 1529
1529 1530
1530 1531
1531 1532
1532 1533
1533 1534
1534 1535
1535 1536
1536 1537
1537 1538
1538 1539
1539 1540
1540 1541
1541 1542
1542 1543
1543 1544
1544 1545
1545 1546
1546 1547
1547 1548
1548 1549
1549 1550
1550 1551
1551 1552
1552 1553
1553 1554
1554 1555
1555 1556
1556 1557
1557 1558
1558 1559
1559 1560
1560 1561
1561 1562
1562 1563
1563 1564
1564 1565
1565 1566
1566 1567
1567 1568
1568 1569
1569 1570
1570 1571
1571 1572
1572 1573
1573 1574
1574 1575
1575 1576
1576 1577
1577 1578
1578 1579
1579 1580
1580 1581
1581 1582
1582 1583
1583 1584
1584 1585
1585 1586
1586 1587
1587 1588
1588 1589
1589 1590
1590 1591
1591 1592
1592 1593
1593 1594
1594 1595
1595 1596
1596 1597
1597 1598
1598 1599
1599 1600
1600 1601
1601 1602
1602 1603
1603 1604
1604 1605
1605 1606
1606 1607
1607 1608
1608 1609
1609 1610
1610 1611
1611 1612
1612 1613
1613 1614
1614 1615
1615 1616
1616 1617
1617 1618
1618 1619
1619 1620
1620 1621
1621 1622
1622 1623
1623 1624
1624 1625
1625 1626
1626 1627
1627 1628
1628 1629
1629 1630
1630 1631
1631 1632
1632 1633
1633 1634
1634 1635
1635 1636
1636 1637
1637 1638
1638 1639
1639 1640
1640 1641
1641 1642
1642 1643
1643 1644
1644 1645
1645 1646
1646 1647
1647 1648
1648 1649
1649 1650
1650 1651
1651 1652
1652 1653
1653 1654
1654 1655
1655 1656
1656 1657
1657 1658
1658 1659
1659 1660
1660 1661
1661 1662
1662 1663
1663 1664
1664 1665
1665 1666
1666 1667
1667 1668
1668 1669
1669 1670
1670 1671
1671 1672
1672 1673
1673 1674
1674 1675
1675 1676
1676 1677
1677 1678
1678 1679
1679 1680
1680 1681
1681 1682
1682 1683
1683 1684
1684 1685
1685 1686
1686 1687
1687 1688
1688 1689
1689 1690
1690 1691
1691 1692
1692 1693
1693 1694
1694 1695
1695 1696
1696 1697
1697 1698
1698 1699
1699 1700
1700 1701
1701 1702
