4033
188 24
187 25
186 25
184 27
184 28
183 29
183 35
184 36
184 38
185 39
185 40
186 41
186 43
187 44
187 47
188 48
188 50
189 51
189 53
190 54
190 60
191 61
191 62
192 63
192 65
193 66
193 67
194 68
194 70
195 71
195 73
196 74
196 75
198 77
198 78
199 79
199 80
200 81
200 82
202 84
202 85
203 86
203 87
211 95
211 96
213 98
213 99
215 101
215 102
222 109
223 109
224 110
225 110
226 111
227 111
228 112
229 112
230 113
231 113
232 114
234 114
235 115
236 115
237 116
239 116
240 117
241 117
243 119
244 119
247 122
248 122
251 125
252 125
253 126
254 126
255 127
257 127
258 128
260 128
261 129
262 129
263 130
264 130
265 131
266 131
267 132
268 132
269 133
270 133
271 134
272 134
274 136
275 136
277 138
278 138
280 140
281 140
282 141
283 141
284 142
285 142
286 143
287 143
288 144
289 144
290 145
292 145
293 146
295 146
296 147
298 147
299 148
300 148
301 149
302 149
303 150
304 150
305 151
312 151
313 152
316 152
317 153
321 153
322 154
342 154
343 155
345 155
346 156
348 156
349 157
353 157
354 158
375 158
376 159
377 159
378 160
380 160
381 161
382 161
383 162
405 162
406 163
408 163
409 164
409 167
407 169
378 169
377 170
375 170
374 171
373 171
372 172
371 172
370 173
369 173
368 174
366 174
365 175
364 175
363 176
362 176
361 177
360 177
359 178
357 178
355 180
354 180
353 181
352 181
351 182
349 182
348 183
339 183
338 184
336 184
335 185
333 185
332 186
328 186
327 187
322 187
321 188
319 188
318 189
316 189
315 190
307 190
306 191
305 191
304 192
302 192
301 193
288 193
287 194
286 194
285 195
283 195
282 196
281 196
280 197
272 197
271 198
269 198
268 199
266 199
265 200
258 200
257 201
255 201
254 202
253 202
252 203
250 203
249 204
244 204
243 205
242 205
237 210
237 211
235 213
235 214
230 219
230 220
228 222
228 223
226 225
226 226
225 227
225 228
223 230
223 231
220 234
220 235
218 237
218 238
216 240
216 241
212 245
212 246
209 249
209 250
208 251
208 252
207 253
207 254
206 255
206 256
204 258
204 259
203 260
203 261
202 262
202 263
201 264
201 267
202 268
202 269
207 274
208 274
209 275
210 275
211 276
212 276
213 277
214 277
215 278
216 278
217 279
227 279
228 280
228 281
229 282
229 284
230 285
230 286
232 288
233 288
234 289
236 289
237 290
238 290
239 291
241 291
242 292
243 292
244 293
255 293
256 292
257 292
258 291
259 291
260 290
261 290
262 289
263 289
264 288
265 288
266 287
269 287
270 286
278 286
279 285
281 285
282 284
283 284
284 283
301 283
302 282
304 282
305 281
306 281
307 280
309 280
310 279
318 279
319 280
324 280
325 279
326 279
327 278
329 278
330 277
331 277
332 276
348 276
349 275
350 275
351 274
353 274
354 273
355 273
356 272
373 272
374 271
378 271
379 272
380 272
383 275
383 276
384 277
384 278
385 279
385 280
387 282
387 283
388 284
388 285
390 287
390 288
391 289
391 290
392 291
392 295
391 296
391 297
385 303
384 303
376 311
375 311
369 317
368 317
360 325
359 325
356 328
355 328
354 329
352 329
351 330
350 330
349 329
345 329
344 328
343 328
342 327
340 327
339 326
338 326
337 325
329 325
328 324
326 324
325 323
323 323
322 322
318 322
317 321
315 321
314 320
313 320
312 319
311 319
310 318
255 318
254 319
252 319
251 320
249 320
248 321
247 321
246 322
245 322
243 324
242 324
239 327
238 327
237 328
236 328
234 330
233 330
232 331
231 331
230 332
229 332
227 334
226 334
225 335
224 335
223 336
222 336
221 337
219 337
218 338
217 338
216 339
215 339
214 340
213 340
212 341
211 341
209 343
208 343
207 344
206 344
205 345
204 345
202 347
201 347
198 350
197 350
196 351
195 351
194 352
193 352
192 353
191 353
190 354
189 354
187 356
187 357
185 359
185 360
183 362
183 364
182 365
182 366
181 367
181 373
180 374
180 376
179 377
179 378
178 379
178 381
177 382
177 384
176 385
176 386
175 387
175 389
174 390
174 391
173 392
173 399
172 400
172 402
171 403
171 404
170 405
170 406
169 407
169 409
168 410
168 412
167 413
167 414
166 415
166 417
165 418
165 424
164 425
164 426
163 427
163 429
162 430
162 431
161 432
161 435
160 436
160 438
159 439
159 440
158 441
158 442
157 443
157 450
156 451
156 452
155 453
155 455
154 456
154 457
153 458
153 487
154 488
154 490
155 491
155 493
156 494
156 532
157 533
157 534
158 535
158 537
159 538
159 545
160 546
160 580
161 581
161 583
162 584
162 586
163 587
163 605
162 606
162 607
161 608
161 609
159 611
159 612
158 613
158 614
157 615
157 616
156 617
156 618
155 619
155 620
154 621
154 622
153 623
153 624
152 625
152 626
151 627
151 628
150 629
150 630
149 631
149 634
148 635
148 637
147 638
147 639
146 640
146 641
145 642
145 643
143 645
143 646
141 648
141 649
140 650
140 651
138 653
138 654
137 655
137 656
136 657
136 658
135 659
135 660
134 661
134 663
133 664
133 667
132 668
132 670
130 672
130 673
129 674
129 675
128 676
128 677
127 678
127 679
126 680
126 681
125 682
125 683
123 685
123 686
122 687
122 688
120 690
120 691
119 692
119 695
118 696
118 714
119 715
119 718
120 719
120 721
121 722
121 733
120 734
120 739
121 740
121 741
122 742
122 743
123 744
123 745
124 746
124 748
125 749
125 767
126 768
126 770
127 771
127 773
128 774
128 792
129 793
129 795
130 796
130 797
131 798
131 799
132 800
132 822
133 823
133 825
134 826
134 828
135 829
135 846
136 847
136 849
137 850
137 851
138 852
138 854
139 855
139 873
140 874
140 876
141 877
141 878
142 879
142 880
143 881
143 883
144 884
144 887
148 891
195 891
196 890
197 890
199 888
199 884
198 883
198 882
192 876
191 876
189 874
188 874
187 873
186 873
179 866
179 864
178 863
178 834
177 833
177 832
176 831
176 829
175 828
175 827
174 826
174 763
173 762
173 760
172 759
172 757
171 756
171 753
170 752
170 747
171 746
171 729
172 728
172 726
173 725
173 724
174 723
174 722
175 721
175 720
176 719
176 718
177 717
177 716
179 714
179 713
180 712
180 711
181 710
181 709
182 708
182 707
183 706
183 705
184 704
184 702
185 701
185 700
186 699
186 698
188 696
188 695
190 693
192 693
194 695
194 696
195 697
195 698
196 699
196 701
197 702
197 703
198 704
198 707
199 708
199 709
200 710
200 712
201 713
201 714
202 715
202 718
203 719
203 720
204 721
204 723
206 725
206 726
207 727
207 728
208 729
208 730
209 731
209 732
210 733
210 737
211 738
211 739
212 740
212 741
213 742
213 744
214 745
214 748
215 749
215 750
216 751
216 753
217 754
217 755
218 756
218 759
219 760
219 761
220 762
220 764
221 765
221 766
222 767
222 771
223 772
223 774
224 775
224 777
225 778
225 782
226 783
226 784
227 785
227 787
228 788
228 789
229 790
229 793
230 794
230 795
231 796
231 797
232 798
232 799
233 800
233 801
235 803
235 804
236 805
236 807
237 808
237 811
238 812
238 813
239 814
239 815
240 816
240 818
241 819
241 822
242 823
242 825
243 826
243 827
244 828
244 829
245 830
245 834
246 835
246 837
247 838
247 839
248 840
248 841
249 842
249 843
252 846
252 847
262 857
262 858
264 860
264 861
267 864
267 865
269 867
270 867
281 878
283 878
284 879
294 879
295 880
296 880
301 885
301 886
304 889
305 889
306 890
355 890
356 891
361 891
362 890
363 890
365 888
365 887
366 886
366 877
365 876
365 875
364 874
364 873
362 871
362 870
361 869
361 857
362 856
362 848
361 847
361 845
360 844
360 843
359 842
359 840
358 839
358 772
359 771
359 770
360 769
360 767
362 765
362 764
363 763
363 762
364 761
364 760
366 758
366 757
367 756
367 755
368 754
368 753
369 752
369 750
370 749
370 728
369 727
369 725
368 724
368 723
367 722
367 719
366 718
366 717
367 716
367 704
368 703
368 702
369 701
369 699
370 698
370 678
371 677
371 675
372 674
372 673
373 672
373 670
374 669
374 661
375 660
375 645
376 644
376 642
377 641
377 640
378 639
378 618
379 617
379 616
380 615
380 614
381 613
381 612
384 609
385 609
386 608
387 608
388 607
389 608
390 608
391 609
393 609
394 610
414 610
415 609
419 609
420 610
421 610
422 611
422 612
423 613
423 619
422 620
422 624
423 625
423 626
424 627
424 629
425 630
425 631
426 632
426 649
425 650
425 659
426 660
426 664
425 665
425 667
424 668
424 669
423 670
423 671
422 672
422 677
421 678
421 685
422 686
422 693
421 694
421 695
420 696
420 697
419 698
419 699
418 700
418 701
417 702
417 705
416 706
416 708
415 709
415 710
414 711
414 713
413 714
413 719
414 720
414 723
415 724
415 726
416 727
416 728
417 729
417 730
418 731
418 732
420 734
420 735
421 736
421 738
422 739
422 742
423 743
423 745
424 746
424 748
425 749
425 766
426 767
426 769
427 770
427 771
428 772
428 774
429 775
429 808
430 809
430 811
431 812
431 814
432 815
432 852
433 853
433 855
434 856
434 857
435 858
435 860
436 861
436 868
435 869
435 870
434 871
434 873
433 874
433 875
432 876
432 877
431 878
431 879
430 880
430 882
429 883
429 886
430 887
430 888
431 889
432 889
433 890
435 890
436 891
452 891
453 890
466 890
467 889
468 889
470 887
470 886
471 885
471 881
470 880
470 878
469 877
469 876
468 875
468 874
467 873
467 871
466 870
466 866
467 865
467 739
468 738
468 736
469 735
469 734
470 733
470 732
471 731
471 718
472 717
472 715
473 714
473 713
474 712
474 710
475 709
475 687
474 686
474 684
473 683
473 677
474 676
474 675
475 674
475 673
476 672
476 658
477 657
477 656
478 655
478 653
479 652
479 651
480 650
480 641
481 640
481 639
482 638
482 636
483 635
483 634
484 633
484 621
485 620
485 619
486 618
486 616
487 615
487 614
488 613
488 599
489 598
489 596
490 595
490 593
491 592
491 590
492 589
492 580
493 579
493 577
494 576
494 575
495 574
495 563
496 562
496 561
497 560
497 558
498 557
498 556
499 555
499 553
500 552
500 541
501 540
501 538
502 537
502 535
503 534
503 525
504 524
504 504
505 503
505 501
506 500
506 499
507 498
507 496
508 495
508 448
509 447
509 446
510 445
510 443
511 442
511 441
512 440
512 395
513 394
513 392
514 391
514 390
515 389
515 387
516 386
516 354
517 353
517 339
516 338
516 336
515 335
515 333
514 332
514 330
513 329
513 320
512 319
512 306
513 305
513 288
512 287
512 285
511 284
511 281
510 280
510 259
509 258
509 257
508 256
508 254
507 253
507 252
505 250
505 249
504 248
504 246
503 245
503 244
502 243
502 241
501 240
501 239
500 238
500 236
499 235
499 234
498 233
498 230
497 229
497 227
496 226
496 225
495 224
495 223
493 221
493 220
492 219
492 218
491 217
491 215
490 214
490 212
489 211
489 209
488 208
488 207
487 206
487 205
486 204
486 201
485 200
485 199
484 198
484 196
482 194
482 193
481 192
481 191
480 190
480 189
479 188
479 187
477 185
477 184
471 178
470 178
469 177
468 177
466 175
465 175
461 171
461 168
465 164
466 164
467 163
470 163
471 162
483 162
484 161
487 161
488 160
490 160
491 159
493 159
494 158
507 158
508 157
510 157
511 156
513 156
514 155
519 155
520 154
523 154
524 153
525 153
526 152
528 152
529 151
530 151
531 150
532 150
533 149
534 149
535 148
536 148
537 147
538 147
539 146
540 146
541 145
543 145
544 144
546 144
547 143
549 143
550 142
551 142
552 141
553 141
554 140
555 140
556 139
557 139
558 138
559 138
560 137
561 137
562 136
563 136
564 135
565 135
580 120
581 120
587 114
588 114
597 105
597 104
599 102
599 101
611 89
612 89
625 76
626 76
632 70
632 69
633 68
633 67
634 66
634 59
633 58
633 56
632 55
632 53
631 52
631 49
630 48
630 47
629 46
629 44
628 43
628 42
627 41
627 37
626 36
626 35
625 34
625 33
624 32
624 31
619 26
616 26
615 27
614 27
612 29
611 29
611 30
608 33
608 34
607 35
607 36
606 37
606 38
605 39
605 40
604 41
604 42
603 43
603 44
598 49
593 49
591 47
590 47
589 46
588 46
584 42
583 42
582 41
581 41
580 40
579 40
578 39
576 39
575 38
574 38
573 37
572 37
571 36
570 36
569 35
568 35
567 34
566 34
565 33
562 33
561 34
560 34
558 36
557 36
557 37
554 40
554 41
552 43
552 44
544 52
544 53
542 55
542 56
539 59
539 60
538 61
535 61
533 59
533 57
534 56
534 54
535 53
535 52
536 51
536 50
537 49
537 47
538 46
538 42
537 41
537 40
535 38
534 38
533 37
527 37
526 38
525 38
524 39
523 39
521 41
520 41
511 50
510 50
501 59
501 60
499 62
499 63
488 74
487 74
486 73
485 73
483 71
483 70
484 69
484 68
485 67
485 66
486 65
486 64
487 63
487 62
488 61
488 58
489 57
489 53
490 52
490 44
486 40
480 40
479 41
478 41
477 42
476 42
474 44
474 45
472 47
472 48
470 50
470 51
466 55
466 56
464 58
464 59
462 61
462 62
459 65
459 66
457 68
457 69
455 71
455 72
451 76
451 77
446 82
445 82
443 84
442 84
441 85
439 85
438 86
437 86
436 87
434 87
433 88
432 88
431 89
430 89
429 90
428 90
427 91
425 91
424 92
423 92
422 93
421 93
420 94
419 94
418 95
416 95
414 97
413 97
412 98
411 98
410 99
409 99
408 100
407 100
406 101
405 101
404 102
402 102
401 103
400 103
399 104
398 104
397 105
396 105
395 106
393 106
392 107
391 107
390 108
389 108
388 109
386 109
385 110
383 110
382 109
379 109
378 108
375 108
374 107
372 107
371 106
370 106
369 105
367 105
366 104
361 104
360 103
359 103
358 102
356 102
355 101
354 101
353 100
349 100
348 99
346 99
345 98
343 98
342 97
339 97
338 96
337 96
336 95
334 95
333 94
332 94
331 93
330 93
329 92
328 92
326 90
325 90
324 89
324 88
318 82
318 81
301 64
300 64
290 54
290 53
288 51
288 50
286 48
286 47
276 37
275 37
272 34
271 34
270 33
269 33
268 32
258 32
257 33
256 33
254 35
254 36
253 37
253 40
254 41
254 43
255 44
255 45
256 46
256 47
258 49
258 50
259 51
259 52
261 54
261 55
262 56
262 57
263 58
263 59
264 60
264 61
265 62
265 63
266 64
266 65
268 67
268 68
269 69
269 70
271 72
271 73
272 74
272 75
274 77
274 78
278 82
278 83
280 85
280 86
281 87
281 88
282 89
282 92
281 93
278 93
276 91
275 91
274 90
273 90
272 89
271 89
270 88
269 88
268 87
267 87
265 85
264 85
262 83
261 83
260 82
259 82
257 80
256 80
253 77
252 77
240 65
239 65
232 58
231 58
211 38
210 38
198 26
197 26
196 25
195 25
194 24
281 655
284 655
287 658
287 660
288 661
288 664
289 665
289 666
290 667
290 669
291 670
291 671
292 672
292 675
293 676
293 678
294 679
294 680
295 681
295 682
296 683
296 689
297 690
297 692
298 693
298 694
299 695
299 696
300 697
300 700
301 701
301 703
302 704
302 705
303 706
303 708
304 709
304 712
305 713
305 714
306 715
306 716
307 717
307 719
308 720
308 726
309 727
309 729
310 730
310 731
311 732
311 734
312 735
312 738
313 739
313 740
314 741
314 742
315 743
315 744
316 745
316 746
317 747
317 749
318 750
318 751
319 752
319 753
321 755
321 756
323 758
323 759
324 760
324 761
325 762
325 770
324 771
324 782
323 783
323 784
322 785
322 787
321 788
321 789
320 790
320 804
319 805
319 806
318 807
318 808
317 809
317 810
316 811
316 812
315 813
315 824
314 825
314 826
313 827
313 829
312 830
312 831
311 832
311 841
310 842
310 844
309 845
309 846
308 847
308 849
307 850
307 851
304 854
302 854
301 853
301 852
300 851
300 850
298 848
298 847
296 845
296 844
295 843
295 842
294 841
294 840
293 839
293 838
292 837
292 836
291 835
291 834
290 833
290 832
289 831
289 830
288 829
288 828
287 827
287 826
286 825
286 824
285 823
285 822
284 821
284 820
282 818
282 817
281 816
281 815
280 814
280 813
279 812
279 811
278 810
278 809
277 808
277 806
276 805
276 795
275 794
275 793
274 792
274 791
273 790
273 789
272 788
272 787
271 786
271 779
272 778
272 772
271 771
271 770
270 769
270 767
269 766
269 765
268 764
268 748
267 747
267 744
266 743
266 740
265 739
265 721
264 720
264 719
263 718
263 717
262 716
262 715
261 714
261 713
260 712
260 708
261 707
261 701
260 700
260 697
259 696
259 694
258 693
258 688
259 687
259 686
260 685
260 684
261 683
261 682
263 680
263 679
265 677
265 676
267 674
267 673
269 671
269 670
271 668
271 667
273 665
273 664
275 662
275 661
219 628
221 628
222 629
222 630
221 631
221 632
220 633
218 633
217 632
217 630
617 53
618 54
618 55
619 56
619 58
620 59
620 62
619 63
619 64
618 65
618 66
616 68
615 68
605 78
604 78
597 85
596 85
590 91
590 92
588 94
588 95
585 98
585 99
580 104
579 104
566 117
565 117
559 123
558 123
556 125
555 125
554 126
552 126
550 128
549 128
548 129
547 129
546 130
545 130
544 131
543 131
542 132
540 132
539 133
538 133
537 134
536 134
535 135
533 135
532 136
531 136
530 137
529 137
528 138
527 138
526 139
524 139
523 140
522 140
521 141
520 141
519 142
518 142
517 143
516 143
515 144
513 144
512 145
505 145
504 146
501 146
500 147
488 147
487 148
485 148
484 149
483 149
482 150
480 150
479 151
464 151
463 152
461 152
460 153
458 153
457 154
453 154
452 155
451 155
449 157
449 158
448 159
448 175
449 176
449 177
457 185
458 185
460 187
461 187
462 188
463 188
468 193
468 194
470 196
470 198
472 200
472 201
473 202
473 203
474 204
474 205
475 206
475 208
476 209
476 211
477 212
477 214
478 215
478 216
479 217
479 219
480 220
480 222
481 223
481 225
482 226
482 227
484 229
484 230
485 231
485 232
486 233
486 234
487 235
487 236
488 237
488 240
489 241
489 245
490 246
490 249
491 250
491 251
492 252
492 253
493 254
493 255
495 257
495 258
496 259
496 260
497 261
497 263
498 264
498 286
499 287
499 288
500 289
500 291
501 292
501 293
502 294
502 336
503 337
503 339
504 340
504 341
505 342
505 344
506 345
506 360
505 361
505 370
506 371
506 378
505 379
505 380
504 381
504 382
503 383
503 384
502 385
502 386
501 387
501 424
500 425
500 434
499 435
499 436
498 437
498 438
497 439
497 441
496 442
496 489
495 490
495 491
494 492
494 494
493 495
493 496
492 497
492 527
491 528
491 529
490 530
490 531
489 532
489 534
488 535
488 548
487 549
487 551
486 552
486 553
485 554
485 556
484 557
484 567
483 568
483 569
482 570
482 572
481 573
481 574
480 575
480 580
479 581
479 586
478 587
478 589
477 590
477 592
476 593
476 607
475 608
475 610
474 611
474 613
473 614
473 619
472 620
472 625
471 626
471 628
470 629
470 631
469 632
469 643
468 644
468 645
467 646
467 648
466 649
466 650
465 651
465 665
464 666
464 667
463 668
463 670
462 671
462 672
461 673
461 677
460 678
460 686
461 687
461 688
462 689
462 691
463 692
463 693
464 694
464 701
463 702
463 704
462 705
462 706
461 707
461 709
460 710
460 724
459 725
459 727
458 728
458 730
457 731
457 740
456 741
456 874
455 875
455 876
453 878
451 878
448 875
448 854
447 853
447 851
446 850
446 849
445 848
445 846
444 845
444 810
443 809
443 807
442 806
442 805
441 804
441 802
440 801
440 791
441 790
441 782
440 781
440 768
439 767
439 765
438 764
438 762
437 761
437 743
436 742
436 741
435 740
435 738
434 737
434 736
433 735
433 731
432 730
432 729
431 728
431 726
430 725
430 724
428 722
428 719
427 718
427 717
428 716
428 713
429 712
429 709
430 708
430 707
431 706
431 704
432 703
432 702
433 701
433 679
434 678
434 677
435 676
435 675
436 674
436 672
437 671
437 624
436 623
436 621
435 620
435 618
434 617
434 601
433 600
433 599
430 596
429 596
428 595
415 595
414 596
413 596
412 597
411 597
410 598
409 598
408 599
401 599
400 598
398 598
397 597
395 597
394 596
393 596
392 595
391 595
390 594
388 594
387 593
386 593
385 592
384 592
383 591
382 591
381 590
379 590
378 589
375 589
371 593
371 603
370 604
370 606
369 607
369 609
368 610
368 629
367 630
367 632
366 633
366 634
365 635
365 637
364 638
364 639
363 640
363 662
362 663
362 664
361 665
361 667
360 668
360 669
359 670
359 690
358 691
358 693
357 694
357 695
355 697
355 699
354 700
354 725
355 726
355 728
357 730
357 731
358 732
358 734
359 735
359 742
358 743
358 744
357 745
357 746
356 747
356 748
354 750
354 751
353 752
353 753
352 754
352 755
351 756
351 757
350 758
350 759
349 760
349 761
347 763
347 765
346 766
346 774
347 775
347 818
346 819
346 844
347 845
347 847
348 848
348 849
349 850
349 852
350 853
350 874
346 878
319 878
314 873
314 872
315 871
315 870
316 869
316 868
317 867
317 866
318 865
318 864
319 863
319 855
320 854
320 852
321 851
321 850
322 849
322 839
323 838
323 837
324 836
324 835
325 834
325 832
326 831
326 822
327 821
327 819
328 818
328 817
329 816
329 815
330 814
330 813
331 812
331 806
332 805
332 796
333 795
333 792
334 791
334 782
335 781
335 779
336 778
336 776
337 775
337 774
338 773
338 771
339 770
339 761
338 760
338 759
337 758
337 756
336 755
336 754
335 753
335 752
334 751
334 750
333 749
333 748
332 747
332 746
331 745
331 744
330 743
330 742
328 740
328 739
327 738
327 737
325 735
325 734
324 733
324 731
323 730
323 728
322 727
322 725
321 724
321 722
320 721
320 715
319 714
319 712
318 711
318 710
317 709
317 708
316 707
316 706
315 705
315 701
314 700
314 698
313 697
313 695
312 694
312 692
311 691
311 689
310 688
310 687
309 686
309 685
308 684
308 677
307 676
307 674
306 673
306 671
305 670
305 668
304 667
304 664
303 663
303 662
302 661
302 659
301 658
301 655
300 654
300 653
299 652
299 651
298 650
298 649
297 648
297 647
296 646
296 639
295 638
295 636
294 635
294 633
293 632
293 620
292 619
292 616
291 615
291 614
290 613
290 611
289 610
289 598
288 597
288 581
289 580
289 579
290 578
290 576
291 575
291 574
292 573
292 559
293 558
293 545
289 541
285 541
284 542
283 542
281 544
281 545
280 546
280 567
279 568
279 569
278 570
278 572
277 573
277 574
276 575
276 600
277 601
277 616
278 617
278 619
279 620
279 621
280 622
280 629
279 630
279 631
278 632
278 633
277 634
277 635
276 636
276 637
274 639
274 640
272 642
272 643
270 645
270 646
268 648
268 649
263 654
263 655
261 657
261 658
259 660
259 662
257 664
257 665
256 666
256 667
254 669
254 670
251 673
251 674
248 677
248 678
247 679
247 680
246 681
246 682
245 683
245 697
246 698
246 699
247 700
247 702
248 703
248 704
249 705
249 719
250 720
250 721
251 722
251 723
252 724
252 726
253 727
253 744
254 745
254 747
255 748
255 749
256 750
256 752
257 753
257 771
258 772
258 773
259 774
259 776
260 777
260 778
261 779
261 794
262 795
262 797
263 798
263 800
264 801
264 811
265 812
265 813
266 814
266 815
267 816
267 817
268 818
268 819
269 820
269 821
270 822
270 823
271 824
271 825
273 827
273 828
274 829
274 831
275 832
275 833
277 835
277 836
278 837
278 838
279 839
279 840
280 841
280 842
281 843
281 844
282 845
282 846
283 847
283 848
284 849
284 850
286 852
286 854
287 855
287 856
289 858
289 859
290 860
290 862
291 863
288 866
287 866
285 864
284 864
280 860
280 859
276 855
276 854
275 853
275 852
273 850
273 849
261 837
261 836
259 834
259 833
258 832
258 830
257 829
257 827
256 826
256 823
255 822
255 820
254 819
254 818
253 817
253 815
252 814
252 813
251 812
251 810
250 809
250 807
249 806
249 802
248 801
248 800
247 799
247 797
246 796
246 795
245 794
245 793
243 791
243 789
242 788
242 787
241 786
241 783
240 782
240 781
239 780
239 778
238 777
238 776
237 775
237 772
236 771
236 770
235 769
235 767
234 766
234 765
233 764
233 760
232 759
232 758
231 757
231 755
230 754
230 753
229 752
229 749
228 748
228 747
227 746
227 744
226 743
226 742
225 741
225 737
224 736
224 734
223 733
223 731
222 730
222 727
221 726
221 725
220 724
220 723
219 722
219 721
217 719
217 718
216 717
216 715
215 714
215 712
214 711
214 708
213 707
213 706
212 705
212 703
211 702
211 701
210 700
210 698
209 697
209 695
208 694
208 689
209 688
209 687
210 686
210 685
211 684
211 683
213 681
213 680
214 679
214 678
215 677
215 676
216 675
216 674
217 673
217 672
218 671
218 669
219 668
219 666
220 665
220 664
221 663
221 662
222 661
222 660
223 659
223 658
224 657
224 655
225 654
225 653
227 651
227 650
229 648
229 647
230 646
230 645
232 643
232 641
233 640
233 639
234 638
234 635
235 634
235 633
236 632
236 630
237 629
237 628
238 627
238 626
239 625
239 624
240 623
240 622
242 620
242 619
243 618
243 617
244 616
244 615
245 614
245 613
246 612
246 607
244 605
244 604
243 603
242 603
241 602
240 602
239 601
238 601
237 600
235 600
234 599
226 599
225 600
223 600
222 601
220 601
218 603
217 603
215 605
215 606
213 608
213 609
212 610
212 611
211 612
211 613
210 614
210 615
209 616
209 617
208 618
208 619
206 621
206 622
205 623
205 625
204 626
204 627
203 628
203 631
202 632
202 634
201 635
201 636
199 638
199 639
198 640
198 641
197 642
197 643
195 645
195 646
194 647
194 648
193 649
193 650
192 651
192 652
191 653
191 657
190 658
190 659
189 660
189 661
188 662
188 663
187 664
187 665
186 666
186 667
185 668
185 669
184 670
184 671
183 672
183 676
182 677
182 678
181 679
181 680
180 681
180 682
178 684
178 685
177 686
177 687
175 689
175 690
174 691
174 692
173 693
173 694
172 695
172 696
171 697
171 700
170 701
170 702
169 703
169 704
168 705
168 706
167 707
167 708
166 709
166 710
165 711
165 712
164 713
164 714
162 716
162 717
161 718
161 720
160 721
160 722
159 723
159 747
160 748
160 763
161 764
161 766
162 767
162 769
163 770
163 822
162 823
162 832
163 833
163 834
164 835
164 836
165 837
165 838
166 839
166 840
167 841
167 871
168 872
168 873
169 874
169 877
166 880
159 880
154 875
154 874
153 873
153 871
152 870
152 868
151 867
151 864
150 863
150 855
151 854
151 849
150 848
150 846
149 845
149 843
148 842
148 829
147 828
147 824
146 823
146 821
145 820
145 819
144 818
144 816
143 815
143 793
142 792
142 790
141 789
141 787
140 786
140 768
139 767
139 765
138 764
138 763
137 762
137 760
136 759
136 741
135 740
135 739
134 738
134 736
133 735
133 734
132 733
132 715
131 714
131 713
130 712
130 710
129 709
129 708
128 707
128 705
129 704
129 702
130 701
130 700
131 699
131 698
132 697
132 696
134 694
134 692
136 690
136 689
137 688
137 687
138 686
138 685
139 684
139 683
140 682
140 681
142 679
142 677
143 676
143 675
144 674
144 671
145 670
145 669
146 668
146 667
147 666
147 665
148 664
148 663
149 662
149 661
150 660
150 659
151 658
151 657
153 655
153 654
154 653
154 652
155 651
155 650
156 649
156 648
158 646
158 645
159 644
159 642
160 641
160 638
161 637
161 636
162 635
162 634
163 633
163 632
164 631
164 630
165 629
165 628
166 627
166 626
167 625
167 624
168 623
168 622
169 621
169 620
170 619
170 618
172 616
172 615
173 614
173 613
174 612
174 611
175 610
175 597
174 596
174 580
173 579
173 577
172 576
172 574
171 573
171 546
172 545
172 536
171 535
171 533
170 532
170 530
169 529
169 527
168 526
168 489
167 488
167 486
166 485
166 484
165 483
165 481
164 480
164 466
165 465
165 463
166 462
166 461
167 460
167 459
168 458
168 451
169 450
169 449
170 448
170 446
171 445
171 444
172 443
172 440
173 439
173 438
174 437
174 435
175 434
175 433
176 432
176 425
177 424
177 423
178 422
178 421
179 420
179 418
180 417
180 415
181 414
181 412
182 411
182 410
183 409
183 407
184 406
184 400
185 399
185 398
186 397
186 396
187 395
187 393
188 392
188 389
189 388
189 387
190 386
190 384
191 383
191 382
192 381
192 374
193 373
193 372
194 371
194 370
202 362
203 362
206 359
207 359
208 358
209 358
210 357
211 357
212 356
213 356
214 355
215 355
218 352
219 352
220 351
221 351
223 349
224 349
225 348
227 348
228 347
229 347
230 346
232 346
233 345
234 345
235 344
236 344
240 340
241 340
243 338
244 338
245 337
246 337
247 336
248 336
250 334
251 334
252 333
253 333
254 332
255 332
256 331
257 331
258 330
259 330
260 329
261 329
262 328
267 328
268 329
273 329
274 328
302 328
303 329
305 329
306 330
307 330
308 331
310 331
311 332
313 332
314 333
316 333
317 334
318 334
319 335
321 335
322 336
331 336
332 337
334 337
335 338
337 338
338 339
341 339
342 340
343 340
344 341
345 341
346 342
348 342
349 343
356 343
357 342
359 342
361 340
362 340
367 335
368 335
380 323
381 323
387 317
388 317
394 311
395 311
402 304
403 304
405 302
405 301
407 299
407 298
408 297
408 294
407 293
407 292
406 291
406 290
405 289
405 288
404 287
404 286
403 285
403 284
402 283
402 282
401 281
401 280
399 278
399 277
398 276
398 275
397 274
397 273
396 272
396 271
394 269
394 268
393 267
393 266
392 265
392 264
387 259
386 259
385 258
373 258
372 259
370 259
369 260
367 260
366 261
350 261
349 262
348 262
347 263
346 263
345 264
344 264
343 265
340 265
339 266
337 266
336 265
326 265
325 266
323 266
322 267
320 267
319 268
304 268
303 269
301 269
300 270
299 270
298 271
297 271
296 272
279 272
278 273
276 273
275 274
273 274
272 275
264 275
263 276
261 276
260 277
259 277
258 278
257 278
256 279
255 279
254 280
252 280
250 278
250 277
249 276
250 275
250 274
253 271
253 270
254 269
254 268
255 267
255 265
254 264
254 263
252 261
251 261
250 260
246 260
245 259
243 259
242 258
240 258
239 257
233 257
232 258
231 258
230 259
229 259
227 261
226 261
224 263
221 263
220 262
220 261
219 260
220 259
220 257
222 255
222 254
224 252
224 251
227 248
227 247
229 245
229 244
230 243
230 242
234 238
234 237
236 235
236 234
238 232
238 231
239 230
239 229
242 226
242 225
244 223
244 222
250 216
251 216
252 215
255 215
256 214
257 214
258 213
260 213
261 212
262 212
263 211
271 211
272 210
274 210
275 209
277 209
278 208
287 208
288 207
289 207
290 206
292 206
293 205
303 205
304 204
307 204
308 203
310 203
311 202
313 202
314 201
322 201
323 200
324 200
325 199
327 199
328 198
329 198
330 197
338 197
339 196
341 196
342 195
344 195
345 194
353 194
354 193
355 193
356 192
357 192
358 191
359 191
360 190
361 190
362 189
363 189
364 188
366 188
367 187
369 187
370 186
371 186
372 185
374 185
375 184
376 184
377 183
378 183
379 182
380 182
381 181
383 181
384 180
403 180
404 179
410 179
411 180
420 180
421 179
435 179
437 177
438 177
438 176
440 174
440 171
441 170
441 167
440 166
440 164
439 163
439 162
438 161
438 160
437 159
437 158
433 154
432 154
431 153
416 153
415 152
413 152
412 151
389 151
388 150
387 150
386 149
385 149
384 148
382 148
381 147
358 147
357 146
355 146
354 145
352 145
351 144
343 144
342 143
326 143
325 142
323 142
322 141
320 141
319 140
312 140
311 139
310 139
309 138
307 138
306 137
305 137
304 136
302 136
301 135
300 135
299 134
298 134
297 133
296 133
295 132
294 132
293 131
291 131
290 130
289 130
288 129
287 129
286 128
285 128
284 127
283 127
279 123
278 123
276 121
275 121
274 120
273 120
272 119
270 119
269 118
268 118
267 117
266 117
265 116
263 116
262 115
261 115
260 114
259 114
258 113
257 113
256 112
255 112
252 109
251 109
249 107
248 107
247 106
246 106
245 105
243 105
242 104
241 104
240 103
239 103
238 102
237 102
236 101
235 101
234 100
233 100
232 99
231 99
225 93
225 92
223 90
223 89
215 81
215 80
213 78
213 77
211 75
211 74
210 73
210 72
209 71
209 70
208 69
208 68
207 67
207 65
206 64
206 62
205 61
205 59
204 58
204 55
206 53
207 53
208 54
209 54
227 72
228 72
235 79
236 79
244 87
245 87
249 91
250 91
252 93
253 93
254 94
255 94
256 95
257 95
259 97
260 97
262 99
263 99
264 100
265 100
266 101
267 101
269 103
270 103
272 105
273 105
275 107
276 107
277 108
278 108
279 109
280 109
281 110
283 110
284 111
285 111
287 113
288 113
290 115
291 115
293 117
294 117
295 118
296 118
297 119
298 119
299 120
301 120
302 121
304 121
305 122
306 121
307 121
309 119
309 118
310 117
310 114
309 113
309 110
308 109
308 108
307 107
307 106
306 105
306 104
304 102
304 101
303 100
303 99
302 98
302 97
300 95
300 94
299 93
299 92
298 91
298 90
297 89
297 88
296 87
296 86
295 85
295 84
294 83
294 82
293 81
293 78
294 77
295 77
296 78
297 78
302 83
302 84
304 86
304 87
319 102
320 102
321 103
322 103
323 104
324 104
325 105
326 105
327 106
328 106
329 107
331 107
332 108
336 108
337 109
338 109
339 110
341 110
342 111
343 111
344 112
348 112
349 113
351 113
352 114
353 114
354 115
356 115
357 116
361 116
362 117
365 117
366 118
368 118
369 119
371 119
372 120
374 120
375 121
377 121
378 122
390 122
391 121
393 121
394 120
395 120
396 119
398 119
399 118
400 118
401 117
402 117
403 116
404 116
405 115
406 115
407 114
409 114
410 113
411 113
412 112
413 112
414 111
415 111
416 110
417 110
418 109
419 109
420 108
421 108
422 107
423 107
424 106
425 106
426 105
427 105
428 104
429 104
430 103
431 103
432 102
434 102
435 101
436 101
438 99
439 99
440 98
442 98
443 97
444 97
445 96
446 96
447 95
449 95
450 94
451 94
452 93
453 93
454 92
455 92
459 88
459 87
461 85
461 84
464 81
465 81
466 80
467 81
469 81
472 84
473 84
475 86
476 86
477 87
478 87
479 88
480 88
481 89
483 89
484 90
487 90
488 89
490 89
492 87
493 87
500 80
501 80
508 73
508 72
514 66
515 66
516 67
516 72
515 73
515 78
516 79
516 80
518 82
519 82
520 83
534 83
535 82
537 82
542 77
542 76
544 74
544 73
551 66
551 65
553 63
553 62
555 60
555 59
563 51
564 51
565 50
570 50
571 51
573 51
574 52
575 52
577 54
578 54
581 57
582 57
583 58
584 58
585 59
586 59
587 60
588 60
589 61
590 61
591 62
592 62
593 63
594 63
595 64
597 64
598 65
599 65
600 66
603 66
605 64
606 64
608 62
608 61
610 59
610 58
611 57
611 56
614 53
4029
0 1
1 2
2 3
3 4
4 5
5 6
6 7
7 8
8 9
9 10
10 11
11 12
12 13
13 14
14 15
15 16
16 17
17 18
18 19
19 20
20 21
21 22
22 23
23 24
24 25
25 26
26 27
27 28
28 29
29 30
30 31
31 32
32 33
33 34
34 35
35 36
36 37
37 38
38 39
39 40
40 41
41 42
42 43
43 44
44 45
45 46
46 47
47 48
48 49
49 50
50 51
51 52
52 53
53 54
54 55
55 56
56 57
57 58
58 59
59 60
60 61
61 62
62 63
63 64
64 65
65 66
66 67
67 68
68 69
69 70
70 71
71 72
72 73
73 74
74 75
75 76
76 77
77 78
78 79
79 80
80 81
81 82
82 83
83 84
84 85
85 86
86 87
87 88
88 89
89 90
90 91
91 92
92 93
93 94
94 95
95 96
96 97
97 98
98 99
99 100
100 101
101 102
102 103
103 104
104 105
105 106
106 107
107 108
108 109
109 110
110 111
111 112
112 113
113 114
114 115
115 116
116 117
117 118
118 119
119 120
120 121
121 122
122 123
123 124
124 125
125 126
126 127
127 128
128 129
129 130
130 131
131 132
132 133
133 134
134 135
135 136
136 137
137 138
138 139
139 140
140 141
141 142
142 143
143 144
144 145
145 146
146 147
147 148
148 149
149 150
150 151
151 152
152 153
153 154
154 155
155 156
156 157
157 158
158 159
159 160
160 161
161 162
162 163
163 164
164 165
165 166
166 167
167 168
168 169
169 170
170 171
171 172
172 173
173 174
174 175
175 176
176 177
177 178
178 179
179 180
180 181
181 182
182 183
183 184
184 185
185 186
186 187
187 188
188 189
189 190
190 191
191 192
192 193
193 194
194 195
195 196
196 197
197 198
198 199
199 200
200 201
201 202
202 203
203 204
204 205
205 206
206 207
207 208
208 209
209 210
210 211
211 212
212 213
213 214
214 215
215 216
216 217
217 218
218 219
219 220
220 221
221 222
222 223
223 224
224 225
225 226
226 227
227 228
228 229
229 230
230 231
231 232
232 233
233 234
234 235
235 236
236 237
237 238
238 239
239 240
240 241
241 242
242 243
243 244
244 245
245 246
246 247
247 248
248 249
249 250
250 251
251 252
252 253
253 254
254 255
255 256
256 257
257 258
258 259
259 260
260 261
261 262
262 263
263 264
264 265
265 266
266 267
267 268
268 269
269 270
270 271
271 272
272 273
273 274
274 275
275 276
276 277
277 278
278 279
279 280
280 281
281 282
282 283
283 284
284 285
285 286
286 287
287 288
288 289
289 290
290 291
291 292
292 293
293 294
294 295
295 296
296 297
297 298
298 299
299 300
300 301
301 302
302 303
303 304
304 305
305 306
306 307
307 308
308 309
309 310
310 311
311 312
312 313
313 314
314 315
315 316
316 317
317 318
318 319
319 320
320 321
321 322
322 323
323 324
324 325
325 326
326 327
327 328
328 329
329 330
330 331
331 332
332 333
333 334
334 335
335 336
336 337
337 338
338 339
339 340
340 341
341 342
342 343
343 344
344 345
345 346
346 347
347 348
348 349
349 350
350 351
351 352
352 353
353 354
354 355
355 356
356 357
357 358
358 359
359 360
360 361
361 362
362 363
363 364
364 365
365 366
366 367
367 368
368 369
369 370
370 371
371 372
372 373
373 374
374 375
375 376
376 377
377 378
378 379
379 380
380 381
381 382
382 383
383 384
384 385
385 386
386 387
387 388
388 389
389 390
390 391
391 392
392 393
393 394
394 395
395 396
396 397
397 398
398 399
399 400
400 401
401 402
402 403
403 404
404 405
405 406
406 407
407 408
408 409
409 410
410 411
411 412
412 413
413 414
414 415
415 416
416 417
417 418
418 419
419 420
420 421
421 422
422 423
423 424
424 425
425 426
426 427
427 428
428 429
429 430
430 431
431 432
432 433
433 434
434 435
435 436
436 437
437 438
438 439
439 440
440 441
441 442
442 443
443 444
444 445
445 446
446 447
447 448
448 449
449 450
450 451
451 452
452 453
453 454
454 455
455 456
456 457
457 458
458 459
459 460
460 461
461 462
462 463
463 464
464 465
465 466
466 467
467 468
468 469
469 470
470 471
471 472
472 473
473 474
474 475
475 476
476 477
477 478
478 479
479 480
480 481
481 482
482 483
483 484
484 485
485 486
486 487
487 488
488 489
489 490
490 491
491 492
492 493
493 494
494 495
495 496
496 497
497 498
498 499
499 500
500 501
501 502
502 503
503 504
504 505
505 506
506 507
507 508
508 509
509 510
510 511
511 512
512 513
513 514
514 515
515 516
516 517
517 518
518 519
519 520
520 521
521 522
522 523
523 524
524 525
525 526
526 527
527 528
528 529
529 530
530 531
531 532
532 533
533 534
534 535
535 536
536 537
537 538
538 539
539 540
540 541
541 542
542 543
543 544
544 545
545 546
546 547
547 548
548 549
549 550
550 551
551 552
552 553
553 554
554 555
555 556
556 557
557 558
558 559
559 560
560 561
561 562
562 563
563 564
564 565
565 566
566 567
567 568
568 569
569 570
570 571
571 572
572 573
573 574
574 575
575 576
576 577
577 578
578 579
579 580
580 581
581 582
582 583
583 584
584 585
585 586
586 587
587 588
588 589
589 590
590 591
591 592
592 593
593 594
594 595
595 596
596 597
597 598
598 599
599 600
600 601
601 602
602 603
603 604
604 605
605 606
606 607
607 608
608 609
609 610
610 611
611 612
612 613
613 614
614 615
615 616
616 617
617 618
618 619
619 620
620 621
621 622
622 623
623 624
624 625
625 626
626 627
627 628
628 629
629 630
630 631
631 632
632 633
633 634
634 635
635 636
636 637
637 638
638 639
639 640
640 641
641 642
642 643
643 644
644 645
645 646
646 647
647 648
648 649
649 650
650 651
651 652
652 653
653 654
654 655
655 656
656 657
657 658
658 659
659 660
660 661
661 662
662 663
663 664
664 665
665 666
666 667
667 668
668 669
669 670
670 671
671 672
672 673
673 674
674 675
675 676
676 677
677 678
678 679
679 680
680 681
681 682
682 683
683 684
684 685
685 686
686 687
687 688
688 689
689 690
690 691
691 692
692 693
693 694
694 695
695 696
696 697
697 698
698 699
699 700
700 701
701 702
702 703
703 704
704 705
705 706
706 707
707 708
708 709
709 710
710 711
711 712
712 713
713 714
714 715
715 716
716 717
717 718
718 719
719 720
720 721
721 722
722 723
723 724
724 725
725 726
726 727
727 728
728 729
729 730
730 731
731 732
732 733
733 734
734 735
735 736
736 737
737 738
738 739
739 740
740 741
741 742
742 743
743 744
744 745
745 746
746 747
747 748
748 749
749 750
750 751
751 752
752 753
753 754
754 755
755 756
756 757
757 758
758 759
759 760
760 761
761 762
762 763
763 764
764 765
765 766
766 767
767 768
768 769
769 770
770 771
771 772
772 773
773 774
774 775
775 776
776 777
777 778
778 779
779 780
780 781
781 782
782 783
783 784
784 785
785 786
786 787
787 788
788 789
789 790
790 791
791 792
792 793
793 794
794 795
795 796
796 797
797 798
798 799
799 800
800 801
801 802
802 803
803 804
804 805
805 806
806 807
807 808
808 809
809 810
810 811
811 812
812 813
813 814
814 815
815 816
816 817
817 818
818 819
819 820
820 821
821 822
822 823
823 824
824 825
825 826
826 827
827 828
828 829
829 830
830 831
831 832
832 833
833 834
834 835
835 836
836 837
837 838
838 839
839 840
840 841
841 842
842 843
843 844
844 845
845 846
846 847
847 848
848 849
849 850
850 851
851 852
852 853
853 854
854 855
855 856
856 857
857 858
858 859
859 860
860 861
861 862
862 863
863 864
864 865
865 866
866 867
867 868
868 869
869 870
870 871
871 872
872 873
873 874
874 875
875 876
876 877
877 878
878 879
879 880
880 881
881 882
882 883
883 884
884 885
885 886
886 887
887 888
888 889
889 890
890 891
891 892
892 893
893 894
894 895
895 896
896 897
897 898
898 899
899 900
900 901
901 902
902 903
903 904
904 905
905 906
906 907
907 908
908 909
909 910
910 911
911 912
912 913
913 914
914 915
915 916
916 917
917 918
918 919
919 920
920 921
921 922
922 923
923 924
924 925
925 926
926 927
927 928
928 929
929 930
930 931
931 932
932 933
933 934
934 935
935 936
936 937
937 938
938 939
939 940
940 941
941 942
942 943
943 944
944 945
945 946
946 947
947 948
948 949
949 950
950 951
951 952
952 953
953 954
954 955
955 956
956 957
957 958
958 959
959 960
960 961
961 962
962 963
963 964
964 965
965 966
966 967
967 968
968 969
969 970
970 971
971 972
972 973
973 974
974 975
975 976
976 977
977 978
978 979
979 980
980 981
981 982
982 983
983 984
984 985
985 986
986 987
987 988
988 989
989 990
990 991
991 992
992 993
993 994
994 995
995 996
996 997
997 998
998 999
999 1000
1000 1001
1001 1002
1002 1003
1003 1004
1004 1005
1005 1006
1006 1007
1007 1008
1008 1009
1009 1010
1010 1011
1011 1012
1012 1013
1013 1014
1014 1015
1015 1016
1016 1017
1017 1018
1018 1019
1019 1020
1020 1021
1021 1022
1022 1023
1023 1024
1024 1025
1025 1026
1026 1027
1027 1028
1028 1029
1029 1030
1030 1031
1031 1032
1032 1033
1033 1034
1034 1035
1035 1036
1036 1037
1037 1038
1038 1039
1039 1040
1040 1041
1041 1042
1042 1043
1043 1044
1044 1045
1045 1046
1046 1047
1047 1048
1048 1049
1049 1050
1050 1051
1051 1052
1052 1053
1053 1054
1054 1055
1055 1056
1056 1057
1057 1058
1058 1059
1059 1060
1060 1061
1061 1062
1062 1063
1063 1064
1064 1065
1065 1066
1066 1067
1067 1068
1068 1069
1069 1070
1070 1071
1071 1072
1072 1073
1073 1074
1074 1075
1075 1076
1076 1077
1077 1078
1078 1079
1079 1080
1080 1081
1081 1082
1082 1083
1083 1084
1084 1085
1085 1086
1086 1087
1087 1088
1088 1089
1089 1090
1090 1091
1091 1092
1092 1093
1093 1094
1094 1095
1095 1096
1096 1097
1097 1098
1098 1099
1099 1100
1100 1101
1101 1102
1102 1103
1103 1104
1104 1105
1105 1106
1106 1107
1107 1108
1108 1109
1109 1110
1110 1111
1111 1112
1112 1113
1113 1114
1114 1115
1115 1116
1116 1117
1117 1118
1118 1119
1119 1120
1120 1121
1121 1122
1122 1123
1123 1124
1124 1125
1125 1126
1126 1127
1127 1128
1128 1129
1129 1130
1130 1131
1131 1132
1132 1133
1133 1134
1134 1135
1135 1136
1136 1137
1137 1138
1138 1139
1139 1140
1140 1141
1141 1142
1142 1143
1143 1144
1144 1145
1145 1146
1146 1147
1147 1148
1148 1149
1149 1150
1150 1151
1151 1152
1152 1153
1153 1154
1154 1155
1155 1156
1156 1157
1157 1158
1158 1159
1159 1160
1160 1161
1161 1162
1162 1163
1163 1164
1164 1165
1165 1166
1166 1167
1167 1168
1168 1169
1169 1170
1170 1171
1171 1172
1172 1173
1173 1174
1174 1175
1175 1176
1176 1177
1177 1178
1178 1179
1179 1180
1180 1181
1181 1182
1182 1183
1183 1184
1184 1185
1185 1186
1186 1187
1187 1188
1188 1189
1189 1190
1190 1191
1191 1192
1192 1193
1193 1194
1194 1195
1195 1196
1196 1197
1197 1198
1198 1199
1199 1200
1200 1201
1201 1202
1202 1203
1203 1204
1204 1205
1205 1206
1206 1207
1207 1208
1208 1209
1209 1210
1210 1211
1211 1212
1212 1213
1213 1214
1214 1215
1215 1216
1216 1217
1217 1218
1218 1219
1219 1220
1220 1221
1221 1222
1222 1223
1223 1224
1224 1225
1225 1226
1226 1227
1227 1228
1228 1229
1229 1230
1230 1231
1231 1232
1232 1233
1233 1234
1234 1235
1235 1236
1236 1237
1237 1238
1238 1239
1239 1240
1240 1241
1241 1242
1242 1243
1243 1244
1244 1245
1245 1246
1246 1247
1247 1248
1248 1249
1249 1250
1250 1251
1251 1252
1252 1253
1253 1254
1254 1255
1255 1256
1256 1257
1257 1258
1258 1259
1259 1260
1260 1261
1261 1262
1262 1263
1263 1264
1264 1265
1265 1266
1266 1267
1267 1268
1268 1269
1269 1270
1270 1271
1271 1272
1272 1273
1273 1274
1274 1275
1275 1276
1276 1277
1277 1278
1278 1279
1279 1280
1280 1281
1281 1282
1282 1283
1283 1284
1284 1285
1285 1286
1286 1287
1287 1288
1288 1289
1289 1290
1290 1291
1291 1292
1292 1293
1293 1294
1294 1295
1295 1296
1296 1297
1297 1298
1298 1299
1299 1300
1300 1301
1301 1302
1302 1303
1303 1304
1304 1305
1305 1306
1306 1307
1307 1308
1308 1309
1309 1310
1310 1311
1311 1312
1312 1313
1313 1314
1314 1315
1315 1316
1316 1317
1317 1318
1318 1319
1319 1320
1320 1321
1321 1322
1322 1323
1323 1324
1324 1325
1325 1326
1326 1327
1327 1328
1328 1329
1329 1330
1330 1331
1331 1332
1332 1333
1333 1334
1334 1335
1335 1336
1336 1337
1337 1338
1338 1339
1339 1340
1340 1341
1341 1342
1342 1343
1343 1344
1344 1345
1345 1346
1346 1347
1347 1348
1348 1349
1349 1350
1350 1351
1351 1352
1352 1353
1353 1354
1354 1355
1355 1356
1356 1357
1357 1358
1358 1359
1359 1360
1360 1361
1361 1362
1362 1363
1363 1364
1364 1365
1365 1366
1366 1367
1367 1368
1368 1369
1369 1370
1370 1371
1371 1372
1372 1373
1373 1374
1374 1375
1375 1376
1376 1377
1377 1378
1378 1379
1379 1380
1380 1381
1381 1382
1382 1383
1383 1384
1384 1385
1385 1386
1386 1387
1387 1388
1388 1389
1389 1390
1390 1391
1391 1392
1392 1393
1393 1394
1394 1395
1395 1396
1396 1397
1397 1398
1398 1399
1399 1400
1400 1401
1401 1402
1402 1403
1403 1404
1404 1405
1405 1406
1406 1407
1407 1408
1408 1409
1409 1410
1410 1411
1411 1412
1412 1413
1413 1414
1414 1415
1415 1416
1416 1417
1417 1418
1418 1419
1419 1420
1420 1421
1421 1422
1422 1423
1423 1424
1424 1425
1425 1426
1426 1427
1427 1428
1428 1429
1429 1430
1430 1431
1431 1432
1432 1433
1433 1434
1434 1435
1435 1436
1436 1437
1437 1438
1438 1439
1439 1440
1440 1441
1441 1442
1442 1443
1443 1444
1444 1445
1445 1446
1446 1447
1447 1448
1448 1449
1449 1450
1450 1451
1451 1452
1452 1453
1453 1454
1454 1455
1455 1456
1456 1457
1457 1458
1458 1459
1459 1460
1460 1461
1461 1462
1462 1463
1463 1464
1464 1465
1465 1466
1466 1467
1467 1468
1468 1469
1469 1470
1470 1471
1471 1472
1472 1473
1473 1474
1474 1475
1475 1476
1476 1477
1477 1478
1478 1479
1479 1480
1480 1481
1481 1482
1482 1483
1483 1484
1484 1485
1485 1486
1486 1487
1487 1488
1488 1489
1489 1490
1490 1491
1491 1492
1492 1493
1493 1494
1494 1495
1495 1496
1496 1497
1497 1498
1498 1499
1499 1500
1500 1501
1501 1502
1502 1503
1503 1504
1504 1505
1505 1506
1506 1507
1507 1508
1508 1509
1509 1510
1510 1511
1511 1512
1512 1513
1513 1514
1514 1515
1515 1516
1516 1517
1517 1518
1518 1519
1519 1520
1520 1521
1521 1522
1522 1523
1523 1524
1524 1525
1525 1526
1526 1527
1527 1528
1528 1529
1529 1530
1530 1531
1531 1532
1532 1533
1533 1534
1534 1535
1535 1536
1536 1537
1537 1538
1538 1539
1539 1540
1540 1541
1541 1542
1542 1543
1543 1544
1544 1545
1545 1546
1546 1547
1547 1548
1548 1549
1549 1550
1550 1551
1551 1552
1552 1553
1553 1554
1554 1555
1555 1556
1556 1557
1557 1558
1558 1559
1559 1560
1560 1561
1561 1562
1562 1563
1563 1564
1564 1565
1565 1566
1566 1567
1567 1568
1568 1569
1569 1570
1570 1571
1571 1572
1572 1573
1573 1574
1574 1575
1575 1576
1576 1577
1577 1578
1578 1579
1579 1580
1580 1581
1581 1582
1582 1583
1583 1584
1584 1585
1585 1586
1586 1587
1587 1588
1588 1589
1589 1590
1590 1591
1591 1592
1592 1593
1593 1594
1594 1595
1595 1596
1596 1597
1597 1598
1598 1599
1599 1600
1600 1601
1601 1602
1602 1603
1603 1604
1604 1605
1605 1606
1606 1607
1607 1608
1608 1609
1609 1610
1610 1611
1611 1612
1612 1613
1613 1614
1614 1615
1615 1616
1616 1617
1617 1618
1618 1619
1619 1620
1620 1621
1621 1622
1622 1623
1623 1624
1624 1625
1625 1626
1626 1627
1627 1628
1628 1629
1629 1630
1630 1631
1631 1632
1632 1633
1633 1634
1634 1635
1635 1636
1636 1637
1637 1638
1638 1639
1639 1640
1640 1641
1641 1642
1642 1643
1643 1644
1644 1645
1645 1646
1646 1647
1647 1648
1648 1649
1649 1650
1650 1651
1651 1652
1652 1653
1653 1654
1654 1655
1655 1656
1656 1657
1657 1658
1658 1659
1659 1660
1660 1661
1661 1662
1662 1663
1663 1664
1664 1665
1665 1666
1666 1667
1667 1668
1668 1669
1669 1670
1670 1671
1671 1672
1672 1673
1673 1674
1674 1675
1675 1676
1676 1677
1677 1678
1678 1679
1679 1680
1680 1681
1681 1682
1682 1683
1683 1684
1684 1685
1685 1686
1686 1687
1687 1688
1688 1689
1689 1690
1690 1691
1691 1692
1692 1693
1693 1694
1694 1695
1695 1696
1696 1697
1697 1698
1698 1699
1699 1700
1700 1701
1701 1702
1702 1703
1703 1704
1704 1705
1705 1706
1706 1707
1707 1708
1708 1709
1709 1710
1710 1711
1711 1712
1712 1713
1713 1714
1715 1716
1716 1717
1717 1718
1718 1719
1719 1720
1720 1721
1721 1722
1722 1723
1723 1724
1724 1725
1725 1726
1726 1727
1727 1728
1728 1729
1729 1730
1730 1731
1731 1732
1732 1733
1733 1734
1734 1735
1735 1736
1736 1737
1737 1738
1738 1739
1739 1740
1740 1741
1741 1742
1742 1743
1743 1744
1744 1745
1745 1746
1746 1747
1747 1748
1748 1749
1749 1750
1750 1751
1751 1752
1752 1753
1753 1754
1754 1755
1755 1756
1756 1757
1757 1758
1758 1759
1759 1760
1760 1761
1761 1762
1762 1763
1763 1764
1764 1765
1765 1766
1766 1767
1767 1768
1768 1769
1769 1770
1770 1771
1771 1772
1772 1773
1773 1774
1774 1775
1775 1776
1776 1777
1777 1778
1778 1779
1779 1780
1780 1781
1781 1782
1782 1783
1783 1784
1784 1785
1785 1786
1786 1787
1787 1788
1788 1789
1789 1790
1790 1791
1791 1792
1792 1793
1793 1794
1794 1795
1795 1796
1796 1797
1797 1798
1798 1799
1799 1800
1800 1801
1801 1802
1802 1803
1803 1804
1804 1805
1805 1806
1806 1807
1807 1808
1808 1809
1809 1810
1810 1811
1811 1812
1812 1813
1813 1814
1814 1815
1815 1816
1816 1817
1817 1818
1818 1819
1819 1820
1820 1821
1821 1822
1822 1823
1823 1824
1824 1825
1825 1826
1826 1827
1827 1828
1828 1829
1829 1830
1830 1831
1831 1832
1832 1833
1833 1834
1834 1835
1835 1836
1836 1837
1837 1838
1838 1839
1839 1840
1840 1841
1841 1842
1842 1843
1843 1844
1844 1845
1845 1846
1846 1847
1847 1848
1848 1849
1849 1850
1850 1851
1851 1852
1852 1853
1853 1854
1854 1855
1855 1856
1856 1857
1857 1858
1858 1859
1859 1860
1860 1861
1861 1862
1862 1863
1863 1864
1864 1865
1865 1866
1866 1867
1867 1868
1868 1869
1869 1870
1870 1871
1871 1872
1872 1873
1873 1874
1874 1875
1875 1876
1876 1877
1877 1878
1878 1879
1879 1880
1880 1881
1881 1882
1882 1883
1883 1884
1884 1885
1885 1886
1886 1887
1887 1888
1888 1889
1889 1890
1890 1891
1891 1892
1892 1893
1893 1894
1894 1895
1895 1896
1896 1897
1897 1898
1898 1899
1899 1900
1900 1901
1901 1902
1902 1903
1903 1904
1904 1905
1905 1906
1906 1907
1907 1908
1908 1909
1909 1910
1910 1911
1911 1912
1912 1913
1913 1914
1914 1915
1915 1916
1916 1917
1917 1918
1918 1919
1919 1920
1920 1921
1921 1922
1922 1923
1923 1924
1924 1925
1925 1926
1926 1927
1927 1928
1928 1929
1929 1930
1930 1931
1931 1932
1932 1933
1933 1934
1934 1935
1935 1936
1936 1937
1937 1938
1939 1940
1940 1941
1941 1942
1942 1943
1943 1944
1944 1945
1945 1946
1946 1947
1947 1948
1949 1950
1950 1951
1951 1952
1952 1953
1953 1954
1954 1955
1955 1956
1956 1957
1957 1958
1958 1959
1959 1960
1960 1961
1961 1962
1962 1963
1963 1964
1964 1965
1965 1966
1966 1967
1967 1968
1968 1969
1969 1970
1970 1971
1971 1972
1972 1973
1973 1974
1974 1975
1975 1976
1976 1977
1977 1978
1978 1979
1979 1980
1980 1981
1981 1982
1982 1983
1983 1984
1984 1985
1985 1986
1986 1987
1987 1988
1988 1989
1989 1990
1990 1991
1991 1992
1992 1993
1993 1994
1994 1995
1995 1996
1996 1997
1997 1998
1998 1999
1999 2000
2000 2001
2001 2002
2002 2003
2003 2004
2004 2005
2005 2006
2006 2007
2007 2008
2008 2009
2009 2010
2010 2011
2011 2012
2012 2013
2013 2014
2014 2015
2015 2016
2016 2017
2017 2018
2018 2019
2019 2020
2020 2021
2021 2022
2022 2023
2023 2024
2024 2025
2025 2026
2026 2027
2027 2028
2028 2029
2029 2030
2030 2031
2031 2032
2032 2033
2033 2034
2034 2035
2035 2036
2036 2037
2037 2038
2038 2039
2039 2040
2040 2041
2041 2042
2042 2043
2043 2044
2044 2045
2045 2046
2046 2047
2047 2048
2048 2049
2049 2050
2050 2051
2051 2052
2052 2053
2053 2054
2054 2055
2055 2056
2056 2057
2057 2058
2058 2059
2059 2060
2060 2061
2061 2062
2062 2063
2063 2064
2064 2065
2065 2066
2066 2067
2067 2068
2068 2069
2069 2070
2070 2071
2071 2072
2072 2073
2073 2074
2074 2075
2075 2076
2076 2077
2077 2078
2078 2079
2079 2080
2080 2081
2081 2082
2082 2083
2083 2084
2084 2085
2085 2086
2086 2087
2087 2088
2088 2089
2089 2090
2090 2091
2091 2092
2092 2093
2093 2094
2094 2095
2095 2096
2096 2097
2097 2098
2098 2099
2099 2100
2100 2101
2101 2102
2102 2103
2103 2104
2104 2105
2105 2106
2106 2107
2107 2108
2108 2109
2109 2110
2110 2111
2111 2112
2112 2113
2113 2114
2114 2115
2115 2116
2116 2117
2117 2118
2118 2119
2119 2120
2120 2121
2121 2122
2122 2123
2123 2124
2124 2125
2125 2126
2126 2127
2127 2128
2128 2129
2129 2130
2130 2131
2131 2132
2132 2133
2133 2134
2134 2135
2135 2136
2136 2137
2137 2138
2138 2139
2139 2140
2140 2141
2141 2142
2142 2143
2143 2144
2144 2145
2145 2146
2146 2147
2147 2148
2148 2149
2149 2150
2150 2151
2151 2152
2152 2153
2153 2154
2154 2155
2155 2156
2156 2157
2157 2158
2158 2159
2159 2160
2160 2161
2161 2162
2162 2163
2163 2164
2164 2165
2165 2166
2166 2167
2167 2168
2168 2169
2169 2170
2170 2171
2171 2172
2172 2173
2173 2174
2174 2175
2175 2176
2176 2177
2177 2178
2178 2179
2179 2180
2180 2181
2181 2182
2182 2183
2183 2184
2184 2185
2185 2186
2186 2187
2187 2188
2188 2189
2189 2190
2190 2191
2191 2192
2192 2193
2193 2194
2194 2195
2195 2196
2196 2197
2197 2198
2198 2199
2199 2200
2200 2201
2201 2202
2202 2203
2203 2204
2204 2205
2205 2206
2206 2207
2207 2208
2208 2209
2209 2210
2210 2211
2211 2212
2212 2213
2213 2214
2214 2215
2215 2216
2216 2217
2217 2218
2218 2219
2219 2220
2220 2221
2221 2222
2222 2223
2223 2224
2224 2225
2225 2226
2226 2227
2227 2228
2228 2229
2229 2230
2230 2231
2231 2232
2232 2233
2233 2234
2234 2235
2235 2236
2236 2237
2237 2238
2238 2239
2239 2240
2240 2241
2241 2242
2242 2243
2243 2244
2244 2245
2245 2246
2246 2247
2247 2248
2248 2249
2249 2250
2250 2251
2251 2252
2252 2253
2253 2254
2254 2255
2255 2256
2256 2257
2257 2258
2258 2259
2259 2260
2260 2261
2261 2262
2262 2263
2263 2264
2264 2265
2265 2266
2266 2267
2267 2268
2268 2269
2269 2270
2270 2271
2271 2272
2272 2273
2273 2274
2274 2275
2275 2276
2276 2277
2277 2278
2278 2279
2279 2280
2280 2281
2281 2282
2282 2283
2283 2284
2284 2285
2285 2286
2286 2287
2287 2288
2288 2289
2289 2290
2290 2291
2291 2292
2292 2293
2293 2294
2294 2295
2295 2296
2296 2297
2297 2298
2298 2299
2299 2300
2300 2301
2301 2302
2302 2303
2303 2304
2304 2305
2305 2306
2306 2307
2307 2308
2308 2309
2309 2310
2310 2311
2311 2312
2312 2313
2313 2314
2314 2315
2315 2316
2316 2317
2317 2318
2318 2319
2319 2320
2320 2321
2321 2322
2322 2323
2323 2324
2324 2325
2325 2326
2326 2327
2327 2328
2328 2329
2329 2330
2330 2331
2331 2332
2332 2333
2333 2334
2334 2335
2335 2336
2336 2337
2337 2338
2338 2339
2339 2340
2340 2341
2341 2342
2342 2343
2343 2344
2344 2345
2345 2346
2346 2347
2347 2348
2348 2349
2349 2350
2350 2351
2351 2352
2352 2353
2353 2354
2354 2355
2355 2356
2356 2357
2357 2358
2358 2359
2359 2360
2360 2361
2361 2362
2362 2363
2363 2364
2364 2365
2365 2366
2366 2367
2367 2368
2368 2369
2369 2370
2370 2371
2371 2372
2372 2373
2373 2374
2374 2375
2375 2376
2376 2377
2377 2378
2378 2379
2379 2380
2380 2381
2381 2382
2382 2383
2383 2384
2384 2385
2385 2386
2386 2387
2387 2388
2388 2389
2389 2390
2390 2391
2391 2392
2392 2393
2393 2394
2394 2395
2395 2396
2396 2397
2397 2398
2398 2399
2399 2400
2400 2401
2401 2402
2402 2403
2403 2404
2404 2405
2405 2406
2406 2407
2407 2408
2408 2409
2409 2410
2410 2411
2411 2412
2412 2413
2413 2414
2414 2415
2415 2416
2416 2417
2417 2418
2418 2419
2419 2420
2420 2421
2421 2422
2422 2423
2423 2424
2424 2425
2425 2426
2426 2427
2427 2428
2428 2429
2429 2430
2430 2431
2431 2432
2432 2433
2433 2434
2434 2435
2435 2436
2436 2437
2437 2438
2438 2439
2439 2440
2440 2441
2441 2442
2442 2443
2443 2444
2444 2445
2445 2446
2446 2447
2447 2448
2448 2449
2449 2450
2450 2451
2451 2452
2452 2453
2453 2454
2454 2455
2455 2456
2456 2457
2457 2458
2458 2459
2459 2460
2460 2461
2461 2462
2462 2463
2463 2464
2464 2465
2465 2466
2466 2467
2467 2468
2468 2469
2469 2470
2470 2471
2471 2472
2472 2473
2473 2474
2474 2475
2475 2476
2476 2477
2477 2478
2478 2479
2479 2480
2480 2481
2481 2482
2482 2483
2483 2484
2484 2485
2485 2486
2486 2487
2487 2488
2488 2489
2489 2490
2490 2491
2491 2492
2492 2493
2493 2494
2494 2495
2495 2496
2496 2497
2497 2498
2498 2499
2499 2500
2500 2501
2501 2502
2502 2503
2503 2504
2504 2505
2505 2506
2506 2507
2507 2508
2508 2509
2509 2510
2510 2511
2511 2512
2512 2513
2513 2514
2514 2515
2515 2516
2516 2517
2517 2518
2518 2519
2519 2520
2520 2521
2521 2522
2522 2523
2523 2524
2524 2525
2525 2526
2526 2527
2527 2528
2528 2529
2529 2530
2530 2531
2531 2532
2532 2533
2533 2534
2534 2535
2535 2536
2536 2537
2537 2538
2538 2539
2539 2540
2540 2541
2541 2542
2542 2543
2543 2544
2544 2545
2545 2546
2546 2547
2547 2548
2548 2549
2549 2550
2550 2551
2551 2552
2552 2553
2553 2554
2554 2555
2555 2556
2556 2557
2557 2558
2558 2559
2559 2560
2560 2561
2561 2562
2562 2563
2563 2564
2564 2565
2565 2566
2566 2567
2567 2568
2568 2569
2569 2570
2570 2571
2571 2572
2572 2573
2573 2574
2574 2575
2575 2576
2576 2577
2577 2578
2578 2579
2579 2580
2580 2581
2581 2582
2582 2583
2583 2584
2584 2585
2585 2586
2586 2587
2587 2588
2588 2589
2589 2590
2590 2591
2591 2592
2592 2593
2593 2594
2594 2595
2595 2596
2596 2597
2597 2598
2598 2599
2599 2600
2600 2601
2601 2602
2602 2603
2603 2604
2604 2605
2605 2606
2606 2607
2607 2608
2608 2609
2609 2610
2610 2611
2611 2612
2612 2613
2613 2614
2614 2615
2615 2616
2616 2617
2617 2618
2618 2619
2619 2620
2620 2621
2621 2622
2622 2623
2623 2624
2624 2625
2625 2626
2626 2627
2627 2628
2628 2629
2629 2630
2630 2631
2631 2632
2632 2633
2633 2634
2634 2635
2635 2636
2636 2637
2637 2638
2638 2639
2639 2640
2640 2641
2641 2642
2642 2643
2643 2644
2644 2645
2645 2646
2646 2647
2647 2648
2648 2649
2649 2650
2650 2651
2651 2652
2652 2653
2653 2654
2654 2655
2655 2656
2656 2657
2657 2658
2658 2659
2659 2660
2660 2661
2661 2662
2662 2663
2663 2664
2664 2665
2665 2666
2666 2667
2667 2668
2668 2669
2669 2670
2670 2671
2671 2672
2672 2673
2673 2674
2674 2675
2675 2676
2676 2677
2677 2678
2678 2679
2679 2680
2680 2681
2681 2682
2682 2683
2683 2684
2684 2685
2685 2686
2686 2687
2687 2688
2688 2689
2689 2690
2690 2691
2691 2692
2692 2693
2693 2694
2694 2695
2695 2696
2696 2697
2697 2698
2698 2699
2699 2700
2700 2701
2701 2702
2702 2703
2703 2704
2704 2705
2705 2706
2706 2707
2707 2708
2708 2709
2709 2710
2710 2711
2711 2712
2712 2713
2713 2714
2714 2715
2715 2716
2716 2717
2717 2718
2718 2719
2719 2720
2720 2721
2721 2722
2722 2723
2723 2724
2724 2725
2725 2726
2726 2727
2727 2728
2728 2729
2729 2730
2730 2731
2731 2732
2732 2733
2733 2734
2734 2735
2735 2736
2736 2737
2737 2738
2738 2739
2739 2740
2740 2741
2741 2742
2742 2743
2743 2744
2744 2745
2745 2746
2746 2747
2747 2748
2748 2749
2749 2750
2750 2751
2751 2752
2752 2753
2753 2754
2754 2755
2755 2756
2756 2757
2757 2758
2758 2759
2759 2760
2760 2761
2761 2762
2762 2763
2763 2764
2764 2765
2765 2766
2766 2767
2767 2768
2768 2769
2769 2770
2770 2771
2771 2772
2772 2773
2773 2774
2774 2775
2775 2776
2776 2777
2777 2778
2778 2779
2779 2780
2780 2781
2781 2782
2782 2783
2783 2784
2784 2785
2785 2786
2786 2787
2787 2788
2788 2789
2789 2790
2790 2791
2791 2792
2792 2793
2793 2794
2794 2795
2795 2796
2796 2797
2797 2798
2798 2799
2799 2800
2800 2801
2801 2802
2802 2803
2803 2804
2804 2805
2805 2806
2806 2807
2807 2808
2808 2809
2809 2810
2810 2811
2811 2812
2812 2813
2813 2814
2814 2815
2815 2816
2816 2817
2817 2818
2818 2819
2819 2820
2820 2821
2821 2822
2822 2823
2823 2824
2824 2825
2825 2826
2826 2827
2827 2828
2828 2829
2829 2830
2830 2831
2831 2832
2832 2833
2833 2834
2834 2835
2835 2836
2836 2837
2837 2838
2838 2839
2839 2840
2840 2841
2841 2842
2842 2843
2843 2844
2844 2845
2845 2846
2846 2847
2847 2848
2848 2849
2849 2850
2850 2851
2851 2852
2852 2853
2853 2854
2854 2855
2855 2856
2856 2857
2857 2858
2858 2859
2859 2860
2860 2861
2861 2862
2862 2863
2863 2864
2864 2865
2865 2866
2866 2867
2867 2868
2868 2869
2869 2870
2870 2871
2871 2872
2872 2873
2873 2874
2874 2875
2875 2876
2876 2877
2877 2878
2878 2879
2879 2880
2880 2881
2881 2882
2882 2883
2883 2884
2884 2885
2885 2886
2886 2887
2887 2888
2888 2889
2889 2890
2890 2891
2891 2892
2892 2893
2893 2894
2894 2895
2895 2896
2896 2897
2897 2898
2898 2899
2899 2900
2900 2901
2901 2902
2902 2903
2903 2904
2904 2905
2905 2906
2906 2907
2907 2908
2908 2909
2909 2910
2910 2911
2911 2912
2912 2913
2913 2914
2914 2915
2915 2916
2916 2917
2917 2918
2918 2919
2919 2920
2920 2921
2921 2922
2922 2923
2923 2924
2924 2925
2925 2926
2926 2927
2927 2928
2928 2929
2929 2930
2930 2931
2931 2932
2932 2933
2933 2934
2934 2935
2935 2936
2936 2937
2937 2938
2938 2939
2939 2940
2940 2941
2941 2942
2942 2943
2943 2944
2944 2945
2945 2946
2946 2947
2947 2948
2948 2949
2949 2950
2950 2951
2951 2952
2952 2953
2953 2954
2954 2955
2955 2956
2956 2957
2957 2958
2958 2959
2959 2960
2960 2961
2961 2962
2962 2963
2963 2964
2964 2965
2965 2966
2966 2967
2967 2968
2968 2969
2969 2970
2970 2971
2971 2972
2972 2973
2973 2974
2974 2975
2975 2976
2976 2977
2977 2978
2978 2979
2979 2980
2980 2981
2981 2982
2982 2983
2983 2984
2984 2985
2985 2986
2986 2987
2987 2988
2988 2989
2989 2990
2990 2991
2991 2992
2992 2993
2993 2994
2994 2995
2995 2996
2996 2997
2997 2998
2998 2999
2999 3000
3000 3001
3001 3002
3002 3003
3003 3004
3004 3005
3005 3006
3006 3007
3007 3008
3008 3009
3009 3010
3010 3011
3011 3012
3012 3013
3013 3014
3014 3015
3015 3016
3016 3017
3017 3018
3018 3019
3019 3020
3020 3021
3021 3022
3022 3023
3023 3024
3024 3025
3025 3026
3026 3027
3027 3028
3028 3029
3029 3030
3030 3031
3031 3032
3032 3033
3033 3034
3034 3035
3035 3036
3036 3037
3037 3038
3038 3039
3039 3040
3040 3041
3041 3042
3042 3043
3043 3044
3044 3045
3045 3046
3046 3047
3047 3048
3048 3049
3049 3050
3050 3051
3051 3052
3052 3053
3053 3054
3054 3055
3055 3056
3056 3057
3057 3058
3058 3059
3059 3060
3060 3061
3061 3062
3062 3063
3063 3064
3064 3065
3065 3066
3066 3067
3067 3068
3068 3069
3069 3070
3070 3071
3071 3072
3072 3073
3073 3074
3074 3075
3075 3076
3076 3077
3077 3078
3078 3079
3079 3080
3080 3081
3081 3082
3082 3083
3083 3084
3084 3085
3085 3086
3086 3087
3087 3088
3088 3089
3089 3090
3090 3091
3091 3092
3092 3093
3093 3094
3094 3095
3095 3096
3096 3097
3097 3098
3098 3099
3099 3100
3100 3101
3101 3102
3102 3103
3103 3104
3104 3105
3105 3106
3106 3107
3107 3108
3108 3109
3109 3110
3110 3111
3111 3112
3112 3113
3113 3114
3114 3115
3115 3116
3116 3117
3117 3118
3118 3119
3119 3120
3120 3121
3121 3122
3122 3123
3123 3124
3124 3125
3125 3126
3126 3127
3127 3128
3128 3129
3129 3130
3130 3131
3131 3132
3132 3133
3133 3134
3134 3135
3135 3136
3136 3137
3137 3138
3138 3139
3139 3140
3140 3141
3141 3142
3142 3143
3143 3144
3144 3145
3145 3146
3146 3147
3147 3148
3148 3149
3149 3150
3150 3151
3151 3152
3152 3153
3153 3154
3154 3155
3155 3156
3156 3157
3157 3158
3158 3159
3159 3160
3160 3161
3161 3162
3162 3163
3163 3164
3164 3165
3165 3166
3166 3167
3167 3168
3168 3169
3169 3170
3170 3171
3171 3172
3172 3173
3173 3174
3174 3175
3175 3176
3176 3177
3177 3178
3178 3179
3179 3180
3180 3181
3181 3182
3182 3183
3183 3184
3184 3185
3185 3186
3186 3187
3187 3188
3188 3189
3189 3190
3190 3191
3191 3192
3192 3193
3193 3194
3194 3195
3195 3196
3196 3197
3197 3198
3198 3199
3199 3200
3200 3201
3201 3202
3202 3203
3203 3204
3204 3205
3205 3206
3206 3207
3207 3208
3208 3209
3209 3210
3210 3211
3211 3212
3212 3213
3213 3214
3214 3215
3215 3216
3216 3217
3217 3218
3218 3219
3219 3220
3220 3221
3221 3222
3222 3223
3223 3224
3224 3225
3225 3226
3226 3227
3227 3228
3228 3229
3229 3230
3230 3231
3231 3232
3232 3233
3233 3234
3234 3235
3235 3236
3236 3237
3237 3238
3238 3239
3239 3240
3240 3241
3241 3242
3242 3243
3243 3244
3244 3245
3245 3246
3246 3247
3247 3248
3248 3249
3249 3250
3250 3251
3251 3252
3252 3253
3253 3254
3254 3255
3255 3256
3256 3257
3257 3258
3258 3259
3259 3260
3260 3261
3261 3262
3262 3263
3263 3264
3264 3265
3265 3266
3266 3267
3267 3268
3268 3269
3269 3270
3270 3271
3271 3272
3272 3273
3273 3274
3274 3275
3275 3276
3276 3277
3277 3278
3278 3279
3279 3280
3280 3281
3281 3282
3282 3283
3283 3284
3284 3285
3285 3286
3286 3287
3287 3288
3288 3289
3289 3290
3290 3291
3291 3292
3292 3293
3293 3294
3294 3295
3295 3296
3296 3297
3297 3298
3298 3299
3299 3300
3300 3301
3301 3302
3302 3303
3303 3304
3304 3305
3305 3306
3306 3307
3307 3308
3308 3309
3309 3310
3310 3311
3311 3312
3312 3313
3313 3314
3314 3315
3315 3316
3316 3317
3317 3318
3318 3319
3319 3320
3320 3321
3321 3322
3322 3323
3323 3324
3324 3325
3325 3326
3326 3327
3327 3328
3328 3329
3329 3330
3330 3331
3331 3332
3332 3333
3333 3334
3334 3335
3335 3336
3336 3337
3337 3338
3338 3339
3339 3340
3340 3341
3341 3342
3342 3343
3343 3344
3344 3345
3345 3346
3346 3347
3347 3348
3348 3349
3349 3350
3350 3351
3351 3352
3352 3353
3353 3354
3354 3355
3355 3356
3356 3357
3357 3358
3358 3359
3359 3360
3360 3361
3361 3362
3362 3363
3363 3364
3364 3365
3365 3366
3366 3367
3367 3368
3368 3369
3369 3370
3370 3371
3371 3372
3372 3373
3373 3374
3374 3375
3375 3376
3376 3377
3377 3378
3378 3379
3379 3380
3380 3381
3381 3382
3382 3383
3383 3384
3384 3385
3385 3386
3386 3387
3387 3388
3388 3389
3389 3390
3390 3391
3391 3392
3392 3393
3393 3394
3394 3395
3395 3396
3396 3397
3397 3398
3398 3399
3399 3400
3400 3401
3401 3402
3402 3403
3403 3404
3404 3405
3405 3406
3406 3407
3407 3408
3408 3409
3409 3410
3410 3411
3411 3412
3412 3413
3413 3414
3414 3415
3415 3416
3416 3417
3417 3418
3418 3419
3419 3420
3420 3421
3421 3422
3422 3423
3423 3424
3424 3425
3425 3426
3426 3427
3427 3428
3428 3429
3429 3430
3430 3431
3431 3432
3432 3433
3433 3434
3434 3435
3435 3436
3436 3437
3437 3438
3438 3439
3439 3440
3440 3441
3441 3442
3442 3443
3443 3444
3444 3445
3445 3446
3446 3447
3447 3448
3448 3449
3449 3450
3450 3451
3451 3452
3452 3453
3453 3454
3454 3455
3455 3456
3456 3457
3457 3458
3458 3459
3459 3460
3460 3461
3461 3462
3462 3463
3463 3464
3464 3465
3465 3466
3466 3467
3467 3468
3468 3469
3469 3470
3470 3471
3471 3472
3472 3473
3473 3474
3474 3475
3475 3476
3476 3477
3477 3478
3478 3479
3479 3480
3480 3481
3481 3482
3482 3483
3483 3484
3484 3485
3485 3486
3486 3487
3487 3488
3488 3489
3489 3490
3490 3491
3491 3492
3492 3493
3493 3494
3494 3495
3495 3496
3496 3497
3497 3498
3498 3499
3499 3500
3500 3501
3501 3502
3502 3503
3503 3504
3504 3505
3505 3506
3506 3507
3507 3508
3508 3509
3509 3510
3510 3511
3511 3512
3512 3513
3513 3514
3514 3515
3515 3516
3516 3517
3517 3518
3518 3519
3519 3520
3520 3521
3521 3522
3522 3523
3523 3524
3524 3525
3525 3526
3526 3527
3527 3528
3528 3529
3529 3530
3530 3531
3531 3532
3532 3533
3533 3534
3534 3535
3535 3536
3536 3537
3537 3538
3538 3539
3539 3540
3540 3541
3541 3542
3542 3543
3543 3544
3544 3545
3545 3546
3546 3547
3547 3548
3548 3549
3549 3550
3550 3551
3551 3552
3552 3553
3553 3554
3554 3555
3555 3556
3556 3557
3557 3558
3558 3559
3559 3560
3560 3561
3561 3562
3562 3563
3563 3564
3564 3565
3565 3566
3566 3567
3567 3568
3568 3569
3569 3570
3570 3571
3571 3572
3572 3573
3573 3574
3574 3575
3575 3576
3576 3577
3577 3578
3578 3579
3579 3580
3580 3581
3581 3582
3582 3583
3583 3584
3584 3585
3585 3586
3586 3587
3587 3588
3588 3589
3589 3590
3590 3591
3591 3592
3592 3593
3593 3594
3594 3595
3595 3596
3596 3597
3597 3598
3598 3599
3599 3600
3600 3601
3601 3602
3602 3603
3603 3604
3604 3605
3605 3606
3606 3607
3607 3608
3608 3609
3609 3610
3610 3611
3611 3612
3612 3613
3613 3614
3614 3615
3615 3616
3616 3617
3617 3618
3618 3619
3619 3620
3620 3621
3621 3622
3622 3623
3623 3624
3624 3625
3625 3626
3626 3627
3627 3628
3628 3629
3629 3630
3630 3631
3631 3632
3632 3633
3633 3634
3634 3635
3635 3636
3636 3637
3637 3638
3638 3639
3639 3640
3640 3641
3641 3642
3642 3643
3643 3644
3644 3645
3645 3646
3646 3647
3647 3648
3648 3649
3649 3650
3650 3651
3651 3652
3652 3653
3653 3654
3654 3655
3655 3656
3656 3657
3657 3658
3658 3659
3659 3660
3660 3661
3661 3662
3662 3663
3663 3664
3664 3665
3665 3666
3666 3667
3667 3668
3668 3669
3669 3670
3670 3671
3671 3672
3672 3673
3673 3674
3674 3675
3675 3676
3676 3677
3677 3678
3678 3679
3679 3680
3680 3681
3681 3682
3682 3683
3683 3684
3684 3685
3685 3686
3686 3687
3687 3688
3688 3689
3689 3690
3690 3691
3691 3692
3692 3693
3693 3694
3694 3695
3695 3696
3696 3697
3697 3698
3698 3699
3699 3700
3700 3701
3701 3702
3702 3703
3703 3704
3704 3705
3705 3706
3706 3707
3707 3708
3708 3709
3709 3710
3710 3711
3711 3712
3712 3713
3713 3714
3714 3715
3715 3716
3716 3717
3717 3718
3718 3719
3719 3720
3720 3721
3721 3722
3722 3723
3723 3724
3724 3725
3725 3726
3726 3727
3727 3728
3728 3729
3729 3730
3730 3731
3731 3732
3732 3733
3733 3734
3734 3735
3735 3736
3736 3737
3737 3738
3738 3739
3739 3740
3740 3741
3741 3742
3742 3743
3743 3744
3744 3745
3745 3746
3746 3747
3747 3748
3748 3749
3749 3750
3750 3751
3751 3752
3752 3753
3753 3754
3754 3755
3755 3756
3756 3757
3757 3758
3758 3759
3759 3760
3760 3761
3761 3762
3762 3763
3763 3764
3764 3765
3765 3766
3766 3767
3767 3768
3768 3769
3769 3770
3770 3771
3771 3772
3772 3773
3773 3774
3774 3775
3775 3776
3776 3777
3777 3778
3778 3779
3779 3780
3780 3781
3781 3782
3782 3783
3783 3784
3784 3785
3785 3786
3786 3787
3787 3788
3788 3789
3789 3790
3790 3791
3791 3792
3792 3793
3793 3794
3794 3795
3795 3796
3796 3797
3797 3798
3798 3799
3799 3800
3800 3801
3801 3802
3802 3803
3803 3804
3804 3805
3805 3806
3806 3807
3807 3808
3808 3809
3809 3810
3810 3811
3811 3812
3812 3813
3813 3814
3814 3815
3815 3816
3816 3817
3817 3818
3818 3819
3819 3820
3820 3821
3821 3822
3822 3823
3823 3824
3824 3825
3825 3826
3826 3827
3827 3828
3828 3829
3829 3830
3830 3831
3831 3832
3832 3833
3833 3834
3834 3835
3835 3836
3836 3837
3837 3838
3838 3839
3839 3840
3840 3841
3841 3842
3842 3843
3843 3844
3844 3845
3845 3846
3846 3847
3847 3848
3848 3849
3849 3850
3850 3851
3851 3852
3852 3853
3853 3854
3854 3855
3855 3856
3856 3857
3857 3858
3858 3859
3859 3860
3860 3861
3861 3862
3862 3863
3863 3864
3864 3865
3865 3866
3866 3867
3867 3868
3868 3869
3869 3870
3870 3871
3871 3872
3872 3873
3873 3874
3874 3875
3875 3876
3876 3877
3877 3878
3878 3879
3879 3880
3880 3881
3881 3882
3882 3883
3883 3884
3884 3885
3885 3886
3886 3887
3887 3888
3888 3889
3889 3890
3890 3891
3891 3892
3892 3893
3893 3894
3894 3895
3895 3896
3896 3897
3897 3898
3898 3899
3899 3900
3900 3901
3901 3902
3902 3903
3903 3904
3904 3905
3905 3906
3906 3907
3907 3908
3908 3909
3909 3910
3910 3911
3911 3912
3912 3913
3913 3914
3914 3915
3915 3916
3916 3917
3917 3918
3918 3919
3919 3920
3920 3921
3921 3922
3922 3923
3923 3924
3924 3925
3925 3926
3926 3927
3927 3928
3928 3929
3929 3930
3930 3931
3931 3932
3932 3933
3933 3934
3934 3935
3935 3936
3936 3937
3937 3938
3938 3939
3939 3940
3940 3941
3941 3942
3942 3943
3943 3944
3944 3945
3945 3946
3946 3947
3947 3948
3948 3949
3949 3950
3950 3951
3951 3952
3952 3953
3953 3954
3954 3955
3955 3956
3956 3957
3957 3958
3958 3959
3959 3960
3960 3961
3961 3962
3962 3963
3963 3964
3964 3965
3965 3966
3966 3967
3967 3968
3968 3969
3969 3970
3970 3971
3971 3972
3972 3973
3973 3974
3974 3975
3975 3976
3976 3977
3977 3978
3978 3979
3979 3980
3980 3981
3981 3982
3982 3983
3983 3984
3984 3985
3985 3986
3986 3987
3987 3988
3988 3989
3989 3990
3990 3991
3991 3992
3992 3993
3993 3994
3994 3995
3995 3996
3996 3997
3997 3998
3998 3999
3999 4000
4000 4001
4001 4002
4002 4003
4003 4004
4004 4005
4005 4006
4006 4007
4007 4008
4008 4009
4009 4010
4010 4011
4011 4012
4012 4013
4013 4014
4014 4015
4015 4016
4016 4017
4017 4018
4018 4019
4019 4020
4020 4021
4021 4022
4022 4023
4023 4024
4024 4025
4025 4026
4026 4027
4027 4028
4028 4029
4029 4030
4030 4031
4031 4032
