1258
706 297
705 296
705 295
702 292
701 292
700 291
682 291
681 292
680 292
679 293
678 293
674 297
674 298
672 300
672 301
671 302
671 303
670 304
670 305
669 306
669 307
668 308
668 309
667 310
667 311
666 312
666 313
665 314
665 315
664 316
664 317
663 318
663 319
662 320
662 321
660 323
660 324
659 325
659 326
658 327
658 328
657 329
657 330
656 331
656 332
655 333
655 334
654 335
654 336
653 337
653 338
652 339
652 340
651 341
651 342
650 343
650 344
649 345
649 346
648 347
648 349
647 350
647 351
646 352
646 353
645 354
645 355
644 356
644 357
643 358
643 359
642 360
642 361
641 362
641 363
640 364
640 365
639 366
639 367
638 368
638 369
637 370
637 371
636 372
636 373
635 374
635 375
634 376
634 377
633 378
633 379
632 380
632 381
631 382
631 383
630 384
630 385
629 386
629 387
628 388
628 389
627 390
627 391
626 392
626 393
625 394
625 395
624 396
624 397
623 398
623 399
622 400
622 401
621 402
621 403
620 404
620 405
619 406
619 407
618 408
618 409
617 410
617 411
616 412
616 413
615 414
615 415
614 416
614 417
613 418
613 419
612 420
612 421
611 422
611 423
610 424
610 425
609 426
609 427
607 429
607 430
606 431
606 432
605 433
605 434
604 435
604 436
602 438
602 439
600 441
600 442
598 444
598 446
597 447
597 450
596 451
596 453
595 454
595 456
594 457
594 463
593 464
593 466
592 467
592 468
591 469
591 471
590 472
590 478
589 479
589 481
588 482
588 484
587 485
587 498
586 499
586 501
581 506
579 506
578 507
576 507
572 503
572 500
573 499
573 497
574 496
574 495
575 494
575 492
576 491
576 478
577 477
577 475
578 474
578 472
579 471
579 462
580 461
580 459
581 458
581 457
582 456
582 454
583 453
583 446
584 445
584 443
585 442
585 440
586 439
586 428
585 427
585 425
584 424
584 422
583 421
583 415
582 414
582 412
581 411
581 410
580 409
580 407
579 406
579 400
578 399
578 397
577 396
577 394
576 393
576 387
575 386
575 384
574 383
574 382
573 381
573 379
572 378
572 372
571 371
571 369
570 368
570 366
569 365
569 359
568 358
568 356
567 355
567 354
566 353
566 351
565 350
565 343
564 342
564 340
563 339
563 337
562 336
562 330
561 329
561 327
560 326
560 325
559 324
559 322
558 321
558 316
557 315
557 313
556 312
556 311
555 310
555 309
554 308
554 307
553 306
553 305
552 304
552 303
551 302
551 301
550 300
550 299
549 298
549 297
548 296
548 294
547 293
547 290
546 289
546 287
545 286
545 285
544 284
544 283
543 282
543 281
542 280
542 279
541 278
541 277
540 276
540 275
539 274
539 273
538 272
538 271
537 270
537 269
536 268
536 267
535 266
535 265
534 264
534 263
533 262
533 261
532 260
532 259
531 258
531 257
530 256
530 255
529 254
529 253
528 252
528 251
527 250
527 249
526 248
526 247
524 245
524 244
493 213
493 212
492 211
492 210
491 209
491 188
492 187
492 186
494 184
494 183
497 180
498 180
500 178
501 178
502 177
503 177
505 175
506 175
517 164
517 163
518 162
518 161
519 160
519 147
520 146
520 144
521 143
521 142
522 141
522 139
523 138
523 132
524 131
524 129
525 128
525 126
526 125
526 97
527 96
527 94
528 93
528 92
529 91
529 89
530 88
530 76
529 75
529 73
528 72
528 71
527 70
527 69
526 68
526 67
524 65
524 64
521 61
521 60
518 57
518 56
516 54
516 53
515 52
515 51
508 44
508 43
506 41
506 40
503 37
503 36
502 35
501 35
500 34
499 34
498 33
494 33
493 34
492 34
488 38
488 39
487 40
487 41
485 43
485 44
483 46
483 47
481 49
481 50
480 51
480 52
477 55
477 56
475 58
475 59
469 65
446 65
445 64
444 64
443 63
442 63
437 58
437 57
435 55
435 54
434 53
434 52
431 49
431 48
428 45
428 44
427 43
427 42
426 41
426 40
425 39
425 38
424 37
424 36
423 35
422 35
420 33
417 33
416 34
415 34
414 35
413 35
402 46
402 47
400 49
400 50
399 51
399 52
385 66
385 67
383 69
383 70
382 71
382 96
383 97
383 99
384 100
384 102
385 103
385 117
386 118
386 120
387 121
387 122
388 123
388 125
389 126
389 152
390 153
390 155
391 156
391 157
392 158
392 160
393 161
393 164
394 165
394 166
396 168
396 169
398 171
399 171
401 173
402 173
403 174
404 174
407 177
408 177
414 183
414 184
416 186
416 187
417 188
417 209
416 210
416 211
415 212
415 213
413 215
413 216
411 218
411 219
410 220
410 221
407 224
407 225
389 243
388 243
385 246
385 247
383 249
383 250
382 251
382 424
381 425
381 427
380 428
380 429
379 430
379 432
378 433
378 485
377 486
377 487
372 492
371 492
370 493
369 493
368 494
367 494
366 495
365 495
363 497
362 497
360 499
359 499
357 501
356 501
354 503
353 503
352 504
352 505
350 507
350 519
345 524
252 524
250 522
249 522
247 520
247 519
246 518
246 517
245 516
245 514
244 513
244 511
243 510
243 509
242 508
242 507
241 507
239 505
235 505
234 506
233 506
232 507
231 507
230 508
229 508
227 510
226 510
225 511
224 511
222 513
221 513
212 522
211 522
210 523
209 523
208 524
148 524
144 520
144 518
145 517
145 516
148 513
148 512
153 507
153 506
155 504
155 503
156 502
156 501
158 499
158 498
160 496
160 495
161 494
161 493
162 492
162 485
161 484
161 482
160 481
160 480
159 479
159 478
158 477
158 476
157 475
157 474
156 473
156 471
155 470
155 464
154 463
154 461
153 460
153 458
152 457
152 454
151 453
151 451
150 450
150 449
149 448
149 446
148 445
148 442
147 441
147 439
146 438
146 436
145 435
145 433
144 432
144 430
140 426
138 426
137 425
79 425
78 426
76 426
74 428
73 428
64 437
64 438
61 441
61 442
60 443
60 444
56 448
56 449
47 458
47 459
46 460
46 461
44 463
44 464
42 466
42 467
40 469
40 471
39 472
39 481
38 482
38 484
37 485
37 487
36 488
36 507
37 508
37 509
41 513
42 513
43 514
44 514
45 515
46 515
47 516
49 516
50 517
53 517
54 518
56 518
57 519
59 519
60 520
63 520
64 521
66 521
67 522
68 522
69 523
70 523
71 524
72 524
73 525
74 525
75 526
77 526
78 527
84 527
85 528
87 528
88 529
89 529
90 530
92 530
93 531
102 531
103 530
104 530
105 529
106 529
120 515
121 515
138 498
138 497
141 494
141 485
140 484
140 482
139 481
139 480
138 479
138 478
137 477
137 476
136 475
136 474
135 473
135 472
134 471
134 470
133 469
133 468
132 467
132 466
131 465
131 464
130 463
130 462
129 461
129 460
128 459
128 458
127 457
127 456
126 455
126 454
125 453
125 451
124 450
124 449
122 447
122 446
121 445
120 445
119 444
118 444
117 443
92 443
91 444
90 444
89 445
88 445
81 452
81 453
79 455
79 456
78 457
78 458
75 461
75 462
72 465
72 466
71 467
71 468
70 469
70 470
69 471
69 472
68 473
68 474
67 475
67 476
65 478
65 479
63 481
63 482
61 484
61 485
59 487
59 488
55 492
55 493
54 494
54 495
53 496
53 499
54 500
54 503
53 504
50 504
47 501
47 500
46 499
46 496
47 495
47 493
48 492
48 490
49 489
49 479
50 478
50 476
51 475
51 474
52 473
52 472
53 471
53 470
56 467
56 466
60 462
61 462
64 459
64 458
66 456
66 455
67 454
67 453
69 451
69 450
82 437
83 437
84 436
85 436
86 435
130 435
132 437
133 437
135 439
135 440
136 441
136 442
137 443
137 444
138 445
138 446
139 447
139 448
140 449
140 450
141 451
141 453
142 454
142 461
143 462
143 464
144 465
144 467
145 468
145 474
146 475
146 477
147 478
147 479
148 480
148 481
149 482
149 483
150 484
150 488
149 489
149 490
147 492
147 493
146 494
145 494
144 495
144 496
143 497
143 498
142 499
142 500
140 502
140 503
139 504
139 505
138 506
138 507
136 509
136 510
134 512
134 513
132 515
132 516
131 517
131 518
130 519
130 520
129 521
129 523
128 524
128 530
132 534
216 534
217 533
218 533
220 531
221 531
228 524
229 524
230 523
233 523
237 527
237 528
239 530
239 531
240 532
241 532
242 533
243 533
244 534
410 534
411 533
412 533
413 532
414 532
415 531
415 530
417 528
417 527
418 526
418 525
419 524
419 523
420 522
420 521
421 520
421 519
422 518
422 517
425 514
427 514
431 518
431 519
441 529
442 529
445 532
446 532
447 533
448 533
449 534
611 534
615 530
615 521
616 520
616 518
617 517
617 515
618 514
618 504
619 503
619 501
620 500
620 499
621 498
621 496
622 495
622 485
623 484
623 482
624 481
624 479
625 478
625 476
626 475
626 473
627 472
627 471
628 470
628 469
629 468
629 467
630 466
630 465
631 464
631 463
632 462
632 461
633 460
633 459
634 458
634 457
635 456
635 455
636 454
636 453
637 452
637 450
638 449
638 448
639 447
639 446
640 445
640 444
641 443
641 442
642 441
642 440
643 439
643 438
646 435
646 434
648 432
648 431
649 430
649 429
650 428
650 425
651 424
651 423
653 421
653 420
655 418
655 417
656 416
656 415
657 414
657 411
658 410
658 409
660 407
660 406
662 404
662 403
664 401
664 400
665 399
665 398
666 397
666 396
667 395
667 394
668 393
668 392
669 391
669 390
670 389
670 388
671 387
671 386
672 385
672 384
673 383
673 382
674 381
674 380
675 379
675 378
676 377
676 376
677 375
677 374
678 373
678 372
679 371
679 370
680 369
680 368
681 367
681 366
682 365
682 364
683 363
683 362
684 361
684 360
685 359
685 358
686 357
686 356
687 355
687 354
688 353
688 352
689 351
689 350
690 349
690 348
691 347
691 346
692 345
692 344
693 343
693 342
694 341
694 340
695 339
695 338
696 337
696 336
697 335
697 334
698 333
698 332
699 331
699 330
700 329
700 328
701 327
701 326
702 325
702 324
703 323
703 322
704 321
704 320
705 319
705 317
706 316
81 512
83 510
92 510
93 511
96 511
97 512
98 512
101 515
101 517
100 518
99 518
97 520
95 520
94 521
93 521
92 520
90 520
89 519
88 519
87 518
86 518
85 517
84 517
83 516
82 516
81 515
106 488
106 489
105 490
105 491
101 495
101 496
99 498
98 498
96 500
79 500
74 495
74 494
76 492
77 493
78 493
79 494
80 493
82 493
94 481
95 481
97 479
99 479
101 481
102 481
103 482
103 483
105 485
105 487
87 464
96 455
97 455
98 454
99 454
100 453
108 453
109 454
111 454
116 459
116 460
118 462
118 463
119 464
119 465
120 466
120 467
121 468
121 469
122 470
122 471
123 472
123 473
124 474
124 475
125 476
125 477
126 478
126 479
127 480
127 481
128 482
128 483
129 484
129 488
127 490
127 491
125 493
124 493
123 494
120 491
120 486
119 485
119 483
117 481
117 480
106 469
105 469
103 467
102 467
101 466
97 466
96 467
95 467
94 468
93 468
92 469
91 469
90 470
88 470
86 468
86 466
87 465
1254
0 1
1 2
2 3
3 4
4 5
5 6
6 7
7 8
8 9
9 10
10 11
11 12
12 13
13 14
14 15
15 16
16 17
17 18
18 19
19 20
20 21
21 22
22 23
23 24
24 25
25 26
26 27
27 28
28 29
29 30
30 31
31 32
32 33
33 34
34 35
35 36
36 37
37 38
38 39
39 40
40 41
41 42
42 43
43 44
44 45
45 46
46 47
47 48
48 49
49 50
50 51
51 52
52 53
53 54
54 55
55 56
56 57
57 58
58 59
59 60
60 61
61 62
62 63
63 64
64 65
65 66
66 67
67 68
68 69
69 70
70 71
71 72
72 73
73 74
74 75
75 76
76 77
77 78
78 79
79 80
80 81
81 82
82 83
83 84
84 85
85 86
86 87
87 88
88 89
89 90
90 91
91 92
92 93
93 94
94 95
95 96
96 97
97 98
98 99
99 100
100 101
101 102
102 103
103 104
104 105
105 106
106 107
107 108
108 109
109 110
110 111
111 112
112 113
113 114
114 115
115 116
116 117
117 118
118 119
119 120
120 121
121 122
122 123
123 124
124 125
125 126
126 127
127 128
128 129
129 130
130 131
131 132
132 133
133 134
134 135
135 136
136 137
137 138
138 139
139 140
140 141
141 142
142 143
143 144
144 145
145 146
146 147
147 148
148 149
149 150
150 151
151 152
152 153
153 154
154 155
155 156
156 157
157 158
158 159
159 160
160 161
161 162
162 163
163 164
164 165
165 166
166 167
167 168
168 169
169 170
170 171
171 172
172 173
173 174
174 175
175 176
176 177
177 178
178 179
179 180
180 181
181 182
182 183
183 184
184 185
185 186
186 187
187 188
188 189
189 190
190 191
191 192
192 193
193 194
194 195
195 196
196 197
197 198
198 199
199 200
200 201
201 202
202 203
203 204
204 205
205 206
206 207
207 208
208 209
209 210
210 211
211 212
212 213
213 214
214 215
215 216
216 217
217 218
218 219
219 220
220 221
221 222
222 223
223 224
224 225
225 226
226 227
227 228
228 229
229 230
230 231
231 232
232 233
233 234
234 235
235 236
236 237
237 238
238 239
239 240
240 241
241 242
242 243
243 244
244 245
245 246
246 247
247 248
248 249
249 250
250 251
251 252
252 253
253 254
254 255
255 256
256 257
257 258
258 259
259 260
260 261
261 262
262 263
263 264
264 265
265 266
266 267
267 268
268 269
269 270
270 271
271 272
272 273
273 274
274 275
275 276
276 277
277 278
278 279
279 280
280 281
281 282
282 283
283 284
284 285
285 286
286 287
287 288
288 289
289 290
290 291
291 292
292 293
293 294
294 295
295 296
296 297
297 298
298 299
299 300
300 301
301 302
302 303
303 304
304 305
305 306
306 307
307 308
308 309
309 310
310 311
311 312
312 313
313 314
314 315
315 316
316 317
317 318
318 319
319 320
320 321
321 322
322 323
323 324
324 325
325 326
326 327
327 328
328 329
329 330
330 331
331 332
332 333
333 334
334 335
335 336
336 337
337 338
338 339
339 340
340 341
341 342
342 343
343 344
344 345
345 346
346 347
347 348
348 349
349 350
350 351
351 352
352 353
353 354
354 355
355 356
356 357
357 358
358 359
359 360
360 361
361 362
362 363
363 364
364 365
365 366
366 367
367 368
368 369
369 370
370 371
371 372
372 373
373 374
374 375
375 376
376 377
377 378
378 379
379 380
380 381
381 382
382 383
383 384
384 385
385 386
386 387
387 388
388 389
389 390
390 391
391 392
392 393
393 394
394 395
395 396
396 397
397 398
398 399
399 400
400 401
401 402
402 403
403 404
404 405
405 406
406 407
407 408
408 409
409 410
410 411
411 412
412 413
413 414
414 415
415 416
416 417
417 418
418 419
419 420
420 421
421 422
422 423
423 424
424 425
425 426
426 427
427 428
428 429
429 430
430 431
431 432
432 433
433 434
434 435
435 436
436 437
437 438
438 439
439 440
440 441
441 442
442 443
443 444
444 445
445 446
446 447
447 448
448 449
449 450
450 451
451 452
452 453
453 454
454 455
455 456
456 457
457 458
458 459
459 460
460 461
461 462
462 463
463 464
464 465
465 466
466 467
467 468
468 469
469 470
470 471
471 472
472 473
473 474
474 475
475 476
476 477
477 478
478 479
479 480
480 481
481 482
482 483
483 484
484 485
485 486
486 487
487 488
488 489
489 490
490 491
491 492
492 493
493 494
494 495
495 496
496 497
497 498
498 499
499 500
500 501
501 502
502 503
503 504
504 505
505 506
506 507
507 508
508 509
509 510
510 511
511 512
512 513
513 514
514 515
515 516
516 517
517 518
518 519
519 520
520 521
521 522
522 523
523 524
524 525
525 526
526 527
527 528
528 529
529 530
530 531
531 532
532 533
533 534
534 535
535 536
536 537
537 538
538 539
539 540
540 541
541 542
542 543
543 544
544 545
545 546
546 547
547 548
548 549
549 550
550 551
551 552
552 553
553 554
554 555
555 556
556 557
557 558
558 559
559 560
560 561
561 562
562 563
563 564
564 565
565 566
566 567
567 568
568 569
569 570
570 571
571 572
572 573
573 574
574 575
575 576
576 577
577 578
578 579
579 580
580 581
581 582
582 583
583 584
584 585
585 586
586 587
587 588
588 589
589 590
590 591
591 592
592 593
593 594
594 595
595 596
596 597
597 598
598 599
599 600
600 601
601 602
602 603
603 604
604 605
605 606
606 607
607 608
608 609
609 610
610 611
611 612
612 613
613 614
614 615
615 616
616 617
617 618
618 619
619 620
620 621
621 622
622 623
623 624
624 625
625 626
626 627
627 628
628 629
629 630
630 631
631 632
632 633
633 634
634 635
635 636
636 637
637 638
638 639
639 640
640 641
641 642
642 643
643 644
644 645
645 646
646 647
647 648
648 649
649 650
650 651
651 652
652 653
653 654
654 655
655 656
656 657
657 658
658 659
659 660
660 661
661 662
662 663
663 664
664 665
665 666
666 667
667 668
668 669
669 670
670 671
671 672
672 673
673 674
674 675
675 676
676 677
677 678
678 679
679 680
680 681
681 682
682 683
683 684
684 685
685 686
686 687
687 688
688 689
689 690
690 691
691 692
692 693
693 694
694 695
695 696
696 697
697 698
698 699
699 700
700 701
701 702
702 703
703 704
704 705
705 706
706 707
707 708
708 709
709 710
710 711
711 712
712 713
713 714
714 715
715 716
716 717
717 718
718 719
719 720
720 721
721 722
722 723
723 724
724 725
725 726
726 727
727 728
728 729
729 730
730 731
731 732
732 733
733 734
734 735
735 736
736 737
737 738
738 739
739 740
740 741
741 742
742 743
743 744
744 745
745 746
746 747
747 748
748 749
749 750
750 751
751 752
752 753
753 754
754 755
755 756
756 757
757 758
758 759
759 760
760 761
761 762
762 763
763 764
764 765
765 766
766 767
767 768
768 769
769 770
770 771
771 772
772 773
773 774
774 775
775 776
776 777
777 778
778 779
779 780
780 781
781 782
782 783
783 784
784 785
785 786
786 787
787 788
788 789
789 790
790 791
791 792
792 793
793 794
794 795
795 796
796 797
797 798
798 799
799 800
800 801
801 802
802 803
803 804
804 805
805 806
806 807
807 808
808 809
809 810
810 811
811 812
812 813
813 814
814 815
815 816
816 817
817 818
818 819
819 820
820 821
821 822
822 823
823 824
824 825
825 826
826 827
827 828
828 829
829 830
830 831
831 832
832 833
833 834
834 835
835 836
836 837
837 838
838 839
839 840
840 841
841 842
842 843
843 844
844 845
845 846
846 847
847 848
848 849
849 850
850 851
851 852
852 853
853 854
854 855
855 856
856 857
857 858
858 859
859 860
860 861
861 862
862 863
863 864
864 865
865 866
866 867
867 868
868 869
869 870
870 871
871 872
872 873
873 874
874 875
875 876
876 877
877 878
878 879
879 880
880 881
881 882
882 883
883 884
884 885
885 886
886 887
887 888
888 889
889 890
890 891
891 892
892 893
893 894
894 895
895 896
896 897
897 898
898 899
899 900
900 901
901 902
902 903
903 904
904 905
905 906
906 907
907 908
908 909
909 910
910 911
911 912
912 913
913 914
914 915
915 916
916 917
917 918
918 919
919 920
920 921
921 922
922 923
923 924
924 925
925 926
926 927
927 928
928 929
929 930
930 931
931 932
932 933
933 934
934 935
935 936
936 937
937 938
938 939
939 940
940 941
941 942
942 943
943 944
944 945
945 946
946 947
947 948
948 949
949 950
950 951
951 952
952 953
953 954
954 955
955 956
956 957
957 958
958 959
959 960
960 961
961 962
962 963
963 964
964 965
965 966
966 967
967 968
968 969
969 970
970 971
971 972
972 973
973 974
974 975
975 976
976 977
977 978
978 979
979 980
980 981
981 982
982 983
983 984
984 985
985 986
986 987
987 988
988 989
989 990
990 991
991 992
992 993
993 994
994 995
995 996
996 997
997 998
998 999
999 1000
1000 1001
1001 1002
1002 1003
1003 1004
1004 1005
1005 1006
1006 1007
1007 1008
1008 1009
1009 1010
1010 1011
1011 1012
1012 1013
1013 1014
1014 1015
1015 1016
1016 1017
1017 1018
1018 1019
1019 1020
1020 1021
1021 1022
1022 1023
1023 1024
1024 1025
1025 1026
1026 1027
1027 1028
1028 1029
1029 1030
1030 1031
1031 1032
1032 1033
1033 1034
1034 1035
1035 1036
1036 1037
1037 1038
1038 1039
1039 1040
1040 1041
1041 1042
1042 1043
1043 1044
1044 1045
1045 1046
1046 1047
1047 1048
1048 1049
1049 1050
1050 1051
1051 1052
1052 1053
1053 1054
1054 1055
1055 1056
1056 1057
1057 1058
1058 1059
1059 1060
1060 1061
1061 1062
1062 1063
1063 1064
1064 1065
1065 1066
1066 1067
1067 1068
1068 1069
1069 1070
1070 1071
1071 1072
1072 1073
1073 1074
1074 1075
1075 1076
1076 1077
1077 1078
1078 1079
1079 1080
1080 1081
1081 1082
1082 1083
1083 1084
1084 1085
1085 1086
1086 1087
1087 1088
1088 1089
1089 1090
1090 1091
1091 1092
1092 1093
1093 1094
1094 1095
1095 1096
1096 1097
1097 1098
1098 1099
1099 1100
1100 1101
1101 1102
1102 1103
1103 1104
1104 1105
1105 1106
1106 1107
1107 1108
1108 1109
1109 1110
1110 1111
1111 1112
1112 1113
1113 1114
1114 1115
1115 1116
1116 1117
1117 1118
1118 1119
1119 1120
1120 1121
1121 1122
1122 1123
1123 1124
1124 1125
1125 1126
1126 1127
1127 1128
1128 1129
1129 1130
1130 1131
1131 1132
1132 1133
1133 1134
1134 1135
1135 1136
1136 1137
1137 1138
1138 1139
1139 1140
1141 1142
1142 1143
1143 1144
1144 1145
1145 1146
1146 1147
1147 1148
1148 1149
1149 1150
1150 1151
1151 1152
1152 1153
1153 1154
1154 1155
1155 1156
1156 1157
1157 1158
1158 1159
1159 1160
1160 1161
1161 1162
1162 1163
1163 1164
1164 1165
1165 1166
1167 1168
1168 1169
1169 1170
1170 1171
1171 1172
1172 1173
1173 1174
1174 1175
1175 1176
1176 1177
1177 1178
1178 1179
1179 1180
1180 1181
1181 1182
1182 1183
1183 1184
1184 1185
1185 1186
1186 1187
1187 1188
1188 1189
1189 1190
1190 1191
1191 1192
1192 1193
1193 1194
1195 1196
1196 1197
1197 1198
1198 1199
1199 1200
1200 1201
1201 1202
1202 1203
1203 1204
1204 1205
1205 1206
1206 1207
1207 1208
1208 1209
1209 1210
1210 1211
1211 1212
1212 1213
1213 1214
1214 1215
1215 1216
1216 1217
1217 1218
1218 1219
1219 1220
1220 1221
1221 1222
1222 1223
1223 1224
1224 1225
1225 1226
1226 1227
1227 1228
1228 1229
1229 1230
1230 1231
1231 1232
1232 1233
1233 1234
1234 1235
1235 1236
1236 1237
1237 1238
1238 1239
1239 1240
1240 1241
1241 1242
1242 1243
1243 1244
1244 1245
1245 1246
1246 1247
1247 1248
1248 1249
1249 1250
1250 1251
1251 1252
1252 1253
1253 1254
1254 1255
1255 1256
1256 1257
