1762
283 16
282 17
281 17
280 18
279 18
278 19
277 19
276 20
275 20
274 21
273 21
272 22
271 22
270 23
269 23
266 26
265 26
262 29
261 29
260 30
259 30
258 31
257 31
256 32
255 32
254 33
253 33
252 34
251 34
250 35
249 35
248 36
247 36
243 40
242 40
240 42
239 42
238 43
237 43
236 44
235 44
234 45
233 45
232 46
231 46
230 47
229 47
228 48
227 48
223 52
222 52
221 53
220 53
218 55
217 55
216 56
214 56
213 57
212 57
211 58
210 58
208 60
207 60
203 64
202 64
201 65
200 65
199 66
198 66
197 67
196 67
195 68
194 68
193 69
192 69
191 70
190 70
188 72
187 72
182 77
181 77
180 78
179 78
178 79
177 79
176 80
175 80
174 81
172 81
170 83
169 83
167 85
166 85
163 88
162 88
160 90
159 90
158 91
157 91
155 93
153 93
152 94
151 94
150 95
149 95
148 96
147 96
144 99
143 99
140 102
139 102
138 103
137 103
136 104
135 104
134 105
133 105
132 106
131 106
130 107
129 107
128 108
127 108
124 111
123 111
120 114
119 114
118 115
117 115
116 116
115 116
114 117
113 117
112 118
111 118
110 119
109 119
108 120
107 120
105 122
104 122
101 125
100 125
98 127
97 127
96 128
95 128
94 129
93 129
92 130
91 130
90 131
89 131
88 132
87 132
85 134
84 134
84 135
82 137
82 138
81 139
81 179
82 180
82 181
84 183
85 183
86 184
117 184
122 189
122 210
121 211
121 212
118 215
117 215
116 216
86 216
85 217
84 217
82 219
82 220
81 221
81 248
80 249
80 251
79 252
79 253
78 254
78 256
77 257
77 321
76 322
76 324
75 325
75 326
74 327
74 329
73 330
73 394
72 395
72 396
71 397
71 399
70 400
70 401
69 402
69 467
68 468
68 469
67 470
67 472
66 473
66 474
65 475
65 539
64 540
64 542
63 543
63 544
62 545
62 546
61 547
61 575
60 576
60 577
57 580
56 580
55 581
44 581
40 585
40 604
41 605
41 606
43 608
44 608
45 609
56 609
61 614
61 702
60 703
60 704
59 705
59 706
58 707
58 708
57 709
57 710
56 711
56 712
55 713
55 714
54 715
54 716
53 717
53 718
52 719
52 720
51 721
51 722
49 724
49 725
48 726
48 727
47 728
47 729
46 730
46 731
45 732
45 733
44 734
44 735
43 736
43 737
42 738
42 739
41 740
41 742
40 743
40 745
41 746
41 747
43 749
44 749
45 750
206 750
207 749
208 749
210 747
210 746
211 745
211 743
210 742
210 741
209 740
209 739
208 738
208 737
207 736
207 735
206 734
206 733
205 732
205 731
204 730
204 729
203 728
203 727
201 725
201 724
200 723
200 721
199 720
199 719
198 718
198 717
197 716
197 715
196 714
196 713
195 712
195 711
194 710
194 709
193 708
193 707
192 706
192 705
191 704
191 702
190 701
190 614
195 609
206 609
207 608
208 608
210 606
210 605
211 604
211 586
210 585
210 584
208 582
207 582
206 581
196 581
195 580
194 580
191 577
191 576
190 575
190 565
191 564
191 563
192 562
192 560
193 559
193 558
194 557
194 516
195 515
195 513
196 512
196 511
197 510
197 508
198 507
198 468
199 467
199 465
200 464
200 463
201 462
201 460
202 459
202 419
203 418
203 416
204 415
204 414
205 413
205 412
206 411
206 371
207 370
207 368
208 367
208 366
209 365
209 364
210 363
210 362
211 361
211 341
212 340
212 339
213 338
213 336
214 335
214 334
215 333
215 329
216 328
216 326
217 325
217 324
218 323
218 322
219 321
219 320
220 319
220 318
221 317
221 316
222 315
222 314
223 313
223 312
225 310
225 309
243 291
244 291
246 289
247 289
248 288
249 288
250 287
251 287
259 279
260 279
261 278
262 278
263 277
267 277
268 276
269 276
270 275
272 275
273 274
274 274
275 273
276 273
277 272
278 272
279 271
280 271
281 270
282 270
283 269
284 269
285 268
291 268
292 269
293 269
294 270
295 270
296 271
297 271
298 272
299 272
300 273
301 273
302 274
303 274
304 275
305 275
306 276
308 276
309 277
312 277
313 278
314 278
315 279
316 279
323 286
324 286
326 288
327 288
328 289
329 289
330 290
331 290
332 291
333 291
349 307
349 308
352 311
352 312
353 313
353 314
354 315
354 316
355 317
355 318
356 319
356 320
357 321
357 322
358 323
358 324
359 325
359 326
360 327
360 329
361 330
361 333
362 334
362 336
363 337
363 338
364 339
364 341
365 342
365 362
366 363
366 364
367 365
367 367
368 368
368 369
369 370
369 410
370 411
370 413
371 414
371 415
372 416
372 418
373 419
373 459
374 460
374 461
375 462
375 464
376 465
376 466
377 467
377 507
378 508
378 510
379 511
379 512
380 513
380 515
381 516
381 556
382 557
382 558
383 559
383 561
384 562
384 563
385 564
385 575
384 576
384 577
381 580
380 580
379 581
369 581
365 585
365 604
366 605
366 606
368 608
369 608
370 609
380 609
385 614
385 702
384 703
384 705
383 706
383 707
382 708
382 709
381 710
381 711
380 712
380 713
379 714
379 715
378 716
378 717
377 718
377 719
376 720
376 721
375 722
375 723
374 724
374 725
373 726
373 727
372 728
372 729
371 730
371 731
370 732
370 733
369 734
369 735
368 736
368 737
367 738
367 739
366 740
366 742
365 743
365 746
369 750
531 750
535 746
535 743
534 742
534 740
533 739
533 738
532 737
532 736
531 735
531 734
530 733
530 732
529 731
529 730
528 729
528 728
527 727
527 726
526 725
526 724
525 723
525 722
524 721
524 720
523 719
523 718
522 717
522 716
521 715
521 714
520 713
520 712
519 711
519 710
518 709
518 708
517 707
517 706
516 705
516 703
515 702
515 614
520 609
530 609
531 608
532 608
534 606
534 605
535 604
535 585
531 581
521 581
520 580
519 580
516 577
516 576
515 575
515 548
514 547
514 546
513 545
513 544
512 543
512 541
511 540
511 476
510 475
510 473
509 472
509 471
508 470
508 468
507 467
507 403
506 402
506 400
505 399
505 398
504 397
504 396
503 395
503 330
502 329
502 327
501 326
501 325
500 324
500 323
499 322
499 258
498 257
498 255
497 254
497 253
496 252
496 251
495 250
495 249
494 248
494 220
490 216
459 216
454 211
454 189
459 184
490 184
494 180
494 139
493 138
493 137
492 136
492 135
490 133
489 133
487 131
486 131
485 130
484 130
483 129
481 129
480 128
479 128
477 126
476 126
475 125
474 125
470 121
469 121
468 120
467 120
465 118
463 118
462 117
461 117
460 116
459 116
458 115
457 115
455 113
454 113
450 109
449 109
448 108
447 108
445 106
444 106
443 105
441 105
440 104
439 104
438 103
437 103
435 101
434 101
430 97
429 97
428 96
427 96
425 94
424 94
423 93
421 93
420 92
419 92
418 91
417 91
415 89
414 89
411 86
410 86
408 84
407 84
406 83
405 83
404 82
403 82
402 81
401 81
400 80
399 80
398 79
397 79
396 78
395 78
392 75
391 75
388 72
387 72
386 71
385 71
383 69
382 69
381 68
379 68
377 66
376 66
375 65
374 65
372 63
371 63
368 60
367 60
365 58
364 58
363 57
362 57
361 56
360 56
359 55
358 55
357 54
356 54
355 53
354 53
352 51
351 51
348 48
347 48
345 46
344 46
343 45
342 45
341 44
340 44
339 43
338 43
337 42
336 42
335 41
334 41
333 40
332 40
328 36
327 36
326 35
325 35
323 33
322 33
321 32
319 32
318 31
317 31
315 29
314 29
313 28
312 28
308 24
307 24
306 23
305 23
303 21
302 21
301 20
299 20
298 19
297 19
295 17
293 17
292 16
290 16
289 15
286 15
285 16
377 738
378 737
378 736
379 735
379 734
380 733
380 732
381 731
381 730
382 729
382 728
383 727
383 725
384 724
384 723
386 721
386 720
387 719
387 717
389 715
389 714
391 712
392 712
394 710
506 710
508 712
509 712
511 714
511 715
513 717
513 719
514 720
514 721
516 723
516 724
517 725
517 727
518 728
518 729
519 730
519 731
520 732
520 733
521 734
521 735
522 736
522 737
523 738
523 739
519 743
381 743
377 739
52 738
53 737
53 736
54 735
54 734
55 733
55 732
56 731
56 730
57 729
57 728
58 727
58 726
59 725
59 724
60 723
60 722
61 721
61 720
62 719
62 718
63 717
63 716
69 710
181 710
183 712
184 712
187 715
187 716
188 717
188 718
189 719
189 720
190 721
190 722
191 723
191 724
192 725
192 726
194 728
194 729
195 730
195 731
196 732
196 733
197 734
197 735
198 736
198 737
199 738
198 739
198 740
195 743
56 743
53 740
53 739
393 614
398 609
502 609
507 614
507 697
502 702
398 702
393 697
69 614
74 609
177 609
182 614
182 697
177 702
74 702
69 697
373 594
374 593
374 592
377 589
378 589
379 588
521 588
522 589
523 589
526 592
526 593
527 594
527 596
522 601
378 601
373 596
48 596
48 594
49 593
49 592
52 589
53 589
54 588
197 588
198 589
199 589
202 592
202 593
203 594
203 595
202 596
202 597
199 600
198 600
197 601
53 601
215 258
216 258
217 257
218 257
219 256
220 256
222 254
223 254
227 250
228 250
229 249
230 249
231 248
232 248
233 247
234 247
235 246
236 246
237 245
238 245
239 244
240 244
241 243
242 243
243 242
244 242
245 241
246 241
247 240
251 240
252 239
254 239
255 238
256 238
257 237
258 237
259 236
260 236
261 235
262 235
263 234
264 234
265 233
267 233
268 232
271 232
272 231
274 231
275 230
276 230
277 229
278 229
279 228
280 228
281 227
282 227
283 226
285 226
286 225
289 225
290 226
292 226
293 227
294 227
295 228
296 228
297 229
298 229
299 230
300 230
301 231
303 231
304 232
308 232
309 233
310 233
311 234
313 234
314 235
315 235
317 237
318 237
319 238
321 238
322 239
323 239
324 240
328 240
329 241
331 241
332 242
333 242
334 243
335 243
336 244
337 244
338 245
339 245
340 246
341 246
342 247
343 247
344 248
345 248
346 249
347 249
350 252
351 252
354 255
355 255
356 256
357 256
359 258
360 258
388 286
388 287
389 288
389 289
390 290
390 291
391 292
391 293
392 294
392 295
393 296
393 297
394 298
394 299
396 301
396 302
399 305
399 306
400 307
400 308
401 309
401 322
400 323
400 324
399 325
399 326
398 327
398 329
397 330
397 395
396 396
396 397
395 398
395 399
394 400
394 402
393 403
393 467
392 468
392 470
391 471
391 472
390 473
387 473
386 472
386 471
385 470
385 463
384 462
384 461
383 460
383 459
382 458
382 456
381 455
381 415
380 414
380 412
379 411
379 410
378 409
378 407
377 406
377 366
376 365
376 364
375 363
375 361
374 360
374 359
373 358
373 338
372 337
372 335
371 334
371 333
370 332
370 330
369 329
369 326
368 325
368 323
367 322
367 321
366 320
366 319
364 317
364 316
363 315
363 313
362 312
362 311
360 309
360 308
359 307
359 306
336 283
335 283
333 281
332 281
331 280
330 280
328 278
327 278
320 271
319 271
318 270
317 270
316 269
312 269
311 268
310 268
309 267
307 267
306 266
305 266
303 264
302 264
301 263
300 263
299 262
298 262
297 261
296 261
295 260
293 260
292 259
290 259
289 258
286 258
285 259
283 259
282 260
281 260
280 261
279 261
278 262
277 262
276 263
275 263
274 264
273 264
272 265
271 265
270 266
269 266
268 267
267 267
266 268
264 268
263 269
260 269
259 270
257 270
255 272
254 272
247 279
246 279
244 281
243 281
242 282
241 282
240 283
239 283
217 305
217 306
216 307
216 308
214 310
214 311
213 312
213 314
212 315
212 316
211 317
211 318
210 319
210 320
209 321
209 322
208 323
208 324
207 325
207 329
206 330
206 332
205 333
205 334
204 335
204 336
203 337
203 357
202 358
202 360
201 361
201 362
200 363
200 365
199 366
199 405
198 406
198 408
197 409
197 410
196 411
196 413
195 414
195 454
194 455
194 457
193 458
193 459
191 461
191 463
190 464
190 470
187 473
185 473
184 472
184 471
183 470
183 468
182 467
182 402
181 401
181 400
180 399
180 398
179 397
179 395
178 394
178 330
177 329
177 327
176 326
176 325
175 324
175 322
174 321
174 309
175 308
175 307
176 306
176 305
180 301
180 300
182 298
182 297
183 296
183 295
184 294
184 293
185 292
185 290
187 288
187 287
188 286
188 285
419 224
481 224
482 225
483 225
486 228
486 229
487 230
487 253
488 254
488 255
489 256
489 258
490 259
490 260
491 261
491 325
492 326
492 328
493 329
493 330
494 331
494 333
495 334
495 398
496 399
496 401
497 402
497 403
498 404
498 406
499 407
499 471
500 472
500 474
501 475
501 476
502 477
502 478
503 479
503 544
504 545
504 547
505 548
505 549
506 550
506 552
507 553
507 575
506 576
506 577
503 580
502 580
501 581
399 581
398 580
397 580
394 577
394 576
393 575
393 552
394 551
394 550
395 549
395 548
396 547
396 545
397 544
397 479
398 478
398 477
399 476
399 475
400 474
400 472
401 471
401 407
402 406
402 404
403 403
403 402
404 401
404 399
405 398
405 334
406 333
406 331
407 330
407 329
408 328
408 326
409 325
409 261
410 260
410 258
411 257
411 256
412 255
412 254
413 253
413 230
414 229
414 228
417 225
418 225
322 226
323 225
324 225
325 224
400 224
405 229
405 249
404 250
404 251
403 252
403 254
402 255
402 256
401 257
401 279
400 280
400 281
398 283
396 283
395 282
395 281
365 251
364 251
362 249
361 249
360 248
359 248
357 246
356 246
352 242
351 242
350 241
349 241
347 239
346 239
345 238
344 238
343 237
341 237
339 235
337 235
336 234
335 234
334 233
333 233
332 232
328 232
327 231
325 231
324 230
323 230
322 229
174 280
174 257
173 256
173 254
172 253
172 252
171 251
171 249
170 248
170 229
175 224
250 224
251 225
252 225
253 226
253 229
252 230
251 230
250 231
248 231
247 232
244 232
243 233
241 233
240 234
239 234
238 235
237 235
236 236
235 236
234 237
233 237
232 238
231 238
230 239
229 239
228 240
227 240
226 241
225 241
222 244
221 244
218 247
217 247
216 248
215 248
213 250
212 250
207 255
206 255
205 256
205 257
203 259
202 259
181 280
181 281
179 283
177 283
94 224
157 224
162 229
162 252
163 253
163 255
164 256
164 257
165 258
165 260
166 261
166 325
167 326
167 328
168 329
168 330
169 331
169 332
170 333
170 398
171 399
171 400
172 401
172 403
173 404
173 405
174 406
174 471
175 472
175 473
176 474
176 475
177 476
177 478
178 479
178 543
179 544
179 546
180 547
180 548
181 549
181 551
182 552
182 575
181 576
181 577
178 580
177 580
176 581
75 581
74 580
73 580
70 577
70 576
69 575
69 552
70 551
70 549
71 548
71 547
72 546
72 544
73 543
73 479
74 478
74 476
75 475
75 474
76 473
76 472
77 471
77 406
78 405
78 404
79 403
79 401
80 400
80 399
81 398
81 333
82 332
82 331
83 330
83 328
84 327
84 326
85 325
85 260
86 259
86 258
87 257
87 256
88 255
88 253
89 252
89 229
129 210
130 209
130 208
133 205
134 205
135 204
441 204
446 209
446 211
441 216
135 216
134 215
133 215
130 212
130 211
129 189
134 184
441 184
446 189
446 191
441 196
135 196
134 195
133 195
130 192
130 191
129 190
89 148
94 143
481 143
482 144
483 144
486 147
486 148
487 149
487 170
486 171
486 172
483 175
482 175
481 176
95 176
94 175
93 175
90 172
90 171
89 170
1747
0 1
1 2
2 3
3 4
4 5
5 6
6 7
7 8
8 9
9 10
10 11
11 12
12 13
13 14
14 15
15 16
16 17
17 18
18 19
19 20
20 21
21 22
22 23
23 24
24 25
25 26
26 27
27 28
28 29
29 30
30 31
31 32
32 33
33 34
34 35
35 36
36 37
37 38
38 39
39 40
40 41
41 42
42 43
43 44
44 45
45 46
46 47
47 48
48 49
49 50
50 51
51 52
52 53
53 54
54 55
55 56
56 57
57 58
58 59
59 60
60 61
61 62
62 63
63 64
64 65
65 66
66 67
67 68
68 69
69 70
70 71
71 72
72 73
73 74
74 75
75 76
76 77
77 78
78 79
79 80
80 81
81 82
82 83
83 84
84 85
85 86
86 87
87 88
88 89
89 90
90 91
91 92
92 93
93 94
94 95
95 96
96 97
97 98
98 99
99 100
100 101
101 102
102 103
103 104
104 105
105 106
106 107
107 108
108 109
109 110
110 111
111 112
112 113
113 114
114 115
115 116
116 117
117 118
118 119
119 120
120 121
121 122
122 123
123 124
124 125
125 126
126 127
127 128
128 129
129 130
130 131
131 132
132 133
133 134
134 135
135 136
136 137
137 138
138 139
139 140
140 141
141 142
142 143
143 144
144 145
145 146
146 147
147 148
148 149
149 150
150 151
151 152
152 153
153 154
154 155
155 156
156 157
157 158
158 159
159 160
160 161
161 162
162 163
163 164
164 165
165 166
166 167
167 168
168 169
169 170
170 171
171 172
172 173
173 174
174 175
175 176
176 177
177 178
178 179
179 180
180 181
181 182
182 183
183 184
184 185
185 186
186 187
187 188
188 189
189 190
190 191
191 192
192 193
193 194
194 195
195 196
196 197
197 198
198 199
199 200
200 201
201 202
202 203
203 204
204 205
205 206
206 207
207 208
208 209
209 210
210 211
211 212
212 213
213 214
214 215
215 216
216 217
217 218
218 219
219 220
220 221
221 222
222 223
223 224
224 225
225 226
226 227
227 228
228 229
229 230
230 231
231 232
232 233
233 234
234 235
235 236
236 237
237 238
238 239
239 240
240 241
241 242
242 243
243 244
244 245
245 246
246 247
247 248
248 249
249 250
250 251
251 252
252 253
253 254
254 255
255 256
256 257
257 258
258 259
259 260
260 261
261 262
262 263
263 264
264 265
265 266
266 267
267 268
268 269
269 270
270 271
271 272
272 273
273 274
274 275
275 276
276 277
277 278
278 279
279 280
280 281
281 282
282 283
283 284
284 285
285 286
286 287
287 288
288 289
289 290
290 291
291 292
292 293
293 294
294 295
295 296
296 297
297 298
298 299
299 300
300 301
301 302
302 303
303 304
304 305
305 306
306 307
307 308
308 309
309 310
310 311
311 312
312 313
313 314
314 315
315 316
316 317
317 318
318 319
319 320
320 321
321 322
322 323
323 324
324 325
325 326
326 327
327 328
328 329
329 330
330 331
331 332
332 333
333 334
334 335
335 336
336 337
337 338
338 339
339 340
340 341
341 342
342 343
343 344
344 345
345 346
346 347
347 348
348 349
349 350
350 351
351 352
352 353
353 354
354 355
355 356
356 357
357 358
358 359
359 360
360 361
361 362
362 363
363 364
364 365
365 366
366 367
367 368
368 369
369 370
370 371
371 372
372 373
373 374
374 375
375 376
376 377
377 378
378 379
379 380
380 381
381 382
382 383
383 384
384 385
385 386
386 387
387 388
388 389
389 390
390 391
391 392
392 393
393 394
394 395
395 396
396 397
397 398
398 399
399 400
400 401
401 402
402 403
403 404
404 405
405 406
406 407
407 408
408 409
409 410
410 411
411 412
412 413
413 414
414 415
415 416
416 417
417 418
418 419
419 420
420 421
421 422
422 423
423 424
424 425
425 426
426 427
427 428
428 429
429 430
430 431
431 432
432 433
433 434
434 435
435 436
436 437
437 438
438 439
439 440
440 441
441 442
442 443
443 444
444 445
445 446
446 447
447 448
448 449
449 450
450 451
451 452
452 453
453 454
454 455
455 456
456 457
457 458
458 459
459 460
460 461
461 462
462 463
463 464
464 465
465 466
466 467
467 468
468 469
469 470
470 471
471 472
472 473
473 474
474 475
475 476
476 477
477 478
478 479
479 480
480 481
481 482
482 483
483 484
484 485
485 486
486 487
487 488
488 489
489 490
490 491
491 492
492 493
493 494
494 495
495 496
496 497
497 498
498 499
499 500
500 501
501 502
502 503
503 504
504 505
505 506
506 507
507 508
508 509
509 510
510 511
511 512
512 513
513 514
514 515
515 516
516 517
517 518
518 519
519 520
520 521
521 522
522 523
523 524
524 525
525 526
526 527
527 528
528 529
529 530
530 531
531 532
532 533
533 534
534 535
535 536
536 537
537 538
538 539
539 540
540 541
541 542
542 543
543 544
544 545
545 546
546 547
547 548
548 549
549 550
550 551
551 552
552 553
553 554
554 555
555 556
556 557
557 558
558 559
559 560
560 561
561 562
562 563
563 564
564 565
565 566
566 567
567 568
568 569
569 570
570 571
571 572
572 573
573 574
574 575
575 576
576 577
577 578
578 579
579 580
580 581
581 582
582 583
583 584
584 585
585 586
586 587
587 588
588 589
589 590
590 591
591 592
592 593
593 594
594 595
595 596
596 597
597 598
598 599
599 600
600 601
601 602
602 603
603 604
604 605
605 606
606 607
607 608
608 609
609 610
610 611
611 612
612 613
613 614
614 615
615 616
616 617
617 618
618 619
619 620
620 621
621 622
622 623
623 624
624 625
625 626
626 627
627 628
628 629
629 630
630 631
631 632
632 633
633 634
634 635
635 636
636 637
637 638
638 639
639 640
640 641
641 642
642 643
643 644
644 645
645 646
646 647
647 648
648 649
649 650
650 651
651 652
652 653
653 654
654 655
655 656
656 657
657 658
658 659
659 660
660 661
661 662
662 663
663 664
664 665
665 666
666 667
667 668
668 669
669 670
670 671
671 672
672 673
673 674
674 675
675 676
676 677
677 678
678 679
679 680
680 681
681 682
682 683
683 684
684 685
685 686
686 687
687 688
688 689
689 690
690 691
691 692
692 693
693 694
694 695
695 696
696 697
697 698
698 699
699 700
700 701
701 702
702 703
703 704
704 705
705 706
706 707
707 708
708 709
709 710
710 711
711 712
712 713
713 714
714 715
715 716
716 717
717 718
718 719
719 720
720 721
721 722
722 723
723 724
724 725
725 726
726 727
727 728
728 729
729 730
730 731
731 732
732 733
733 734
734 735
735 736
736 737
737 738
738 739
739 740
740 741
741 742
742 743
743 744
744 745
745 746
746 747
747 748
748 749
749 750
750 751
751 752
752 753
753 754
754 755
755 756
756 757
757 758
758 759
759 760
760 761
761 762
762 763
763 764
764 765
765 766
766 767
767 768
768 769
769 770
770 771
771 772
772 773
773 774
774 775
775 776
776 777
777 778
778 779
779 780
780 781
781 782
782 783
783 784
784 785
785 786
786 787
787 788
788 789
789 790
790 791
791 792
792 793
793 794
794 795
795 796
796 797
797 798
798 799
799 800
800 801
801 802
802 803
803 804
804 805
805 806
806 807
807 808
808 809
809 810
810 811
811 812
812 813
813 814
814 815
815 816
816 817
817 818
818 819
819 820
820 821
821 822
822 823
823 824
824 825
825 826
826 827
827 828
828 829
829 830
830 831
831 832
832 833
833 834
834 835
835 836
836 837
837 838
838 839
839 840
840 841
841 842
842 843
843 844
844 845
845 846
846 847
847 848
848 849
849 850
850 851
851 852
852 853
853 854
854 855
855 856
856 857
857 858
858 859
859 860
860 861
861 862
862 863
863 864
864 865
865 866
866 867
867 868
868 869
869 870
870 871
871 872
873 874
874 875
875 876
876 877
877 878
878 879
879 880
880 881
881 882
882 883
883 884
884 885
885 886
886 887
887 888
888 889
889 890
890 891
891 892
892 893
893 894
894 895
895 896
896 897
897 898
898 899
899 900
900 901
901 902
902 903
903 904
904 905
905 906
906 907
907 908
908 909
909 910
910 911
911 912
912 913
913 914
914 915
915 916
916 917
917 918
918 919
919 920
920 921
921 922
922 923
923 924
925 926
926 927
927 928
928 929
929 930
930 931
931 932
932 933
933 934
934 935
935 936
936 937
937 938
938 939
939 940
940 941
941 942
942 943
943 944
944 945
945 946
946 947
947 948
948 949
949 950
950 951
951 952
952 953
953 954
954 955
955 956
956 957
957 958
958 959
959 960
960 961
961 962
962 963
963 964
964 965
965 966
966 967
967 968
968 969
969 970
970 971
971 972
972 973
973 974
974 975
975 976
976 977
977 978
978 979
979 980
981 982
982 983
983 984
984 985
985 986
986 987
987 988
989 990
990 991
991 992
992 993
993 994
994 995
995 996
997 998
998 999
999 1000
1000 1001
1001 1002
1002 1003
1003 1004
1004 1005
1005 1006
1006 1007
1007 1008
1008 1009
1009 1010
1010 1011
1011 1012
1013 1014
1014 1015
1015 1016
1016 1017
1017 1018
1018 1019
1019 1020
1020 1021
1021 1022
1022 1023
1023 1024
1024 1025
1025 1026
1026 1027
1027 1028
1028 1029
1029 1030
1030 1031
1031 1032
1033 1034
1034 1035
1035 1036
1036 1037
1037 1038
1038 1039
1039 1040
1040 1041
1041 1042
1042 1043
1043 1044
1044 1045
1045 1046
1046 1047
1047 1048
1048 1049
1049 1050
1050 1051
1051 1052
1052 1053
1053 1054
1054 1055
1055 1056
1056 1057
1057 1058
1058 1059
1059 1060
1060 1061
1061 1062
1062 1063
1063 1064
1064 1065
1065 1066
1066 1067
1067 1068
1068 1069
1069 1070
1070 1071
1071 1072
1072 1073
1073 1074
1074 1075
1075 1076
1076 1077
1077 1078
1078 1079
1079 1080
1080 1081
1081 1082
1082 1083
1083 1084
1084 1085
1085 1086
1086 1087
1087 1088
1088 1089
1089 1090
1090 1091
1091 1092
1092 1093
1093 1094
1094 1095
1095 1096
1096 1097
1097 1098
1098 1099
1099 1100
1100 1101
1101 1102
1102 1103
1103 1104
1104 1105
1105 1106
1106 1107
1107 1108
1108 1109
1109 1110
1110 1111
1111 1112
1112 1113
1113 1114
1114 1115
1115 1116
1116 1117
1117 1118
1118 1119
1119 1120
1120 1121
1121 1122
1122 1123
1123 1124
1124 1125
1125 1126
1126 1127
1127 1128
1128 1129
1129 1130
1130 1131
1131 1132
1132 1133
1133 1134
1134 1135
1135 1136
1136 1137
1137 1138
1138 1139
1139 1140
1140 1141
1141 1142
1142 1143
1143 1144
1144 1145
1145 1146
1146 1147
1147 1148
1148 1149
1149 1150
1150 1151
1151 1152
1152 1153
1153 1154
1154 1155
1155 1156
1156 1157
1157 1158
1158 1159
1159 1160
1160 1161
1161 1162
1162 1163
1163 1164
1164 1165
1165 1166
1166 1167
1167 1168
1168 1169
1169 1170
1170 1171
1171 1172
1172 1173
1173 1174
1174 1175
1175 1176
1176 1177
1177 1178
1178 1179
1179 1180
1180 1181
1181 1182
1182 1183
1183 1184
1184 1185
1185 1186
1186 1187
1187 1188
1188 1189
1189 1190
1190 1191
1191 1192
1192 1193
1193 1194
1194 1195
1195 1196
1196 1197
1197 1198
1198 1199
1199 1200
1200 1201
1201 1202
1202 1203
1203 1204
1204 1205
1205 1206
1206 1207
1207 1208
1208 1209
1209 1210
1210 1211
1211 1212
1212 1213
1213 1214
1214 1215
1215 1216
1216 1217
1217 1218
1218 1219
1219 1220
1220 1221
1221 1222
1222 1223
1223 1224
1224 1225
1225 1226
1226 1227
1227 1228
1228 1229
1229 1230
1230 1231
1231 1232
1232 1233
1233 1234
1234 1235
1235 1236
1236 1237
1237 1238
1238 1239
1239 1240
1240 1241
1241 1242
1242 1243
1243 1244
1244 1245
1245 1246
1246 1247
1247 1248
1248 1249
1249 1250
1250 1251
1251 1252
1252 1253
1253 1254
1254 1255
1255 1256
1256 1257
1257 1258
1258 1259
1259 1260
1260 1261
1261 1262
1262 1263
1263 1264
1264 1265
1265 1266
1266 1267
1267 1268
1268 1269
1269 1270
1270 1271
1271 1272
1272 1273
1273 1274
1274 1275
1275 1276
1276 1277
1277 1278
1278 1279
1279 1280
1280 1281
1281 1282
1282 1283
1283 1284
1284 1285
1285 1286
1286 1287
1287 1288
1288 1289
1289 1290
1290 1291
1291 1292
1292 1293
1293 1294
1294 1295
1295 1296
1296 1297
1297 1298
1298 1299
1299 1300
1300 1301
1301 1302
1302 1303
1303 1304
1304 1305
1305 1306
1306 1307
1307 1308
1308 1309
1309 1310
1310 1311
1311 1312
1312 1313
1313 1314
1314 1315
1315 1316
1316 1317
1317 1318
1318 1319
1319 1320
1320 1321
1321 1322
1322 1323
1323 1324
1324 1325
1325 1326
1326 1327
1327 1328
1328 1329
1329 1330
1330 1331
1331 1332
1332 1333
1333 1334
1334 1335
1335 1336
1336 1337
1337 1338
1338 1339
1339 1340
1340 1341
1341 1342
1342 1343
1343 1344
1344 1345
1345 1346
1346 1347
1347 1348
1348 1349
1349 1350
1350 1351
1351 1352
1352 1353
1353 1354
1354 1355
1355 1356
1356 1357
1357 1358
1358 1359
1359 1360
1360 1361
1361 1362
1362 1363
1363 1364
1364 1365
1365 1366
1366 1367
1367 1368
1368 1369
1369 1370
1370 1371
1371 1372
1372 1373
1373 1374
1374 1375
1375 1376
1376 1377
1377 1378
1378 1379
1379 1380
1380 1381
1381 1382
1382 1383
1383 1384
1384 1385
1385 1386
1386 1387
1387 1388
1388 1389
1389 1390
1390 1391
1391 1392
1392 1393
1393 1394
1394 1395
1395 1396
1396 1397
1397 1398
1398 1399
1399 1400
1400 1401
1401 1402
1402 1403
1403 1404
1405 1406
1406 1407
1407 1408
1408 1409
1409 1410
1410 1411
1411 1412
1412 1413
1413 1414
1414 1415
1415 1416
1416 1417
1417 1418
1418 1419
1419 1420
1420 1421
1421 1422
1422 1423
1423 1424
1424 1425
1425 1426
1426 1427
1427 1428
1428 1429
1429 1430
1430 1431
1431 1432
1432 1433
1433 1434
1434 1435
1435 1436
1436 1437
1437 1438
1438 1439
1439 1440
1440 1441
1441 1442
1442 1443
1443 1444
1444 1445
1445 1446
1446 1447
1447 1448
1448 1449
1449 1450
1450 1451
1451 1452
1452 1453
1453 1454
1454 1455
1455 1456
1456 1457
1457 1458
1458 1459
1459 1460
1460 1461
1461 1462
1462 1463
1463 1464
1464 1465
1465 1466
1466 1467
1467 1468
1468 1469
1469 1470
1470 1471
1471 1472
1472 1473
1473 1474
1474 1475
1475 1476
1476 1477
1477 1478
1478 1479
1479 1480
1480 1481
1481 1482
1482 1483
1483 1484
1484 1485
1485 1486
1486 1487
1487 1488
1488 1489
1489 1490
1490 1491
1491 1492
1492 1493
1493 1494
1494 1495
1495 1496
1496 1497
1497 1498
1498 1499
1499 1500
1500 1501
1501 1502
1502 1503
1503 1504
1504 1505
1505 1506
1506 1507
1507 1508
1509 1510
1510 1511
1511 1512
1512 1513
1513 1514
1514 1515
1515 1516
1516 1517
1517 1518
1518 1519
1519 1520
1520 1521
1521 1522
1522 1523
1523 1524
1524 1525
1525 1526
1526 1527
1527 1528
1528 1529
1529 1530
1530 1531
1531 1532
1532 1533
1533 1534
1534 1535
1535 1536
1536 1537
1537 1538
1538 1539
1539 1540
1540 1541
1541 1542
1542 1543
1543 1544
1544 1545
1545 1546
1546 1547
1547 1548
1548 1549
1549 1550
1550 1551
1551 1552
1552 1553
1553 1554
1554 1555
1555 1556
1556 1557
1557 1558
1558 1559
1559 1560
1561 1562
1562 1563
1563 1564
1564 1565
1565 1566
1566 1567
1567 1568
1568 1569
1569 1570
1570 1571
1571 1572
1572 1573
1573 1574
1574 1575
1575 1576
1576 1577
1577 1578
1578 1579
1579 1580
1580 1581
1581 1582
1582 1583
1583 1584
1584 1585
1585 1586
1586 1587
1587 1588
1588 1589
1589 1590
1590 1591
1591 1592
1592 1593
1593 1594
1594 1595
1595 1596
1596 1597
1597 1598
1598 1599
1599 1600
1600 1601
1601 1602
1602 1603
1603 1604
1604 1605
1605 1606
1606 1607
1607 1608
1608 1609
1609 1610
1610 1611
1611 1612
1612 1613
1613 1614
1614 1615
1615 1616
1616 1617
1617 1618
1619 1620
1620 1621
1621 1622
1622 1623
1623 1624
1624 1625
1625 1626
1626 1627
1627 1628
1628 1629
1629 1630
1630 1631
1631 1632
1632 1633
1633 1634
1634 1635
1635 1636
1636 1637
1637 1638
1638 1639
1639 1640
1640 1641
1641 1642
1642 1643
1643 1644
1644 1645
1645 1646
1646 1647
1647 1648
1648 1649
1649 1650
1650 1651
1651 1652
1652 1653
1653 1654
1654 1655
1655 1656
1656 1657
1657 1658
1658 1659
1659 1660
1660 1661
1661 1662
1662 1663
1663 1664
1664 1665
1665 1666
1666 1667
1667 1668
1668 1669
1669 1670
1670 1671
1671 1672
1672 1673
1673 1674
1674 1675
1675 1676
1676 1677
1677 1678
1678 1679
1679 1680
1680 1681
1681 1682
1682 1683
1683 1684
1684 1685
1685 1686
1686 1687
1687 1688
1688 1689
1689 1690
1690 1691
1691 1692
1692 1693
1693 1694
1694 1695
1695 1696
1696 1697
1697 1698
1698 1699
1699 1700
1700 1701
1701 1702
1702 1703
1703 1704
1704 1705
1705 1706
1706 1707
1707 1708
1708 1709
1709 1710
1710 1711
1711 1712
1712 1713
1713 1714
1715 1716
1716 1717
1717 1718
1718 1719
1719 1720
1720 1721
1721 1722
1722 1723
1723 1724
1724 1725
1725 1726
1726 1727
1727 1728
1728 1729
1730 1731
1731 1732
1732 1733
1733 1734
1734 1735
1735 1736
1736 1737
1737 1738
1738 1739
1739 1740
1740 1741
1742 1743
1743 1744
1744 1745
1745 1746
1746 1747
1747 1748
1748 1749
1749 1750
1750 1751
1751 1752
1752 1753
1753 1754
1754 1755
1755 1756
1756 1757
1757 1758
1758 1759
1759 1760
1760 1761
