3823
22 572
22 575
23 576
23 585
22 586
22 589
23 590
23 605
22 606
22 609
23 610
23 661
22 662
23 663
23 671
22 672
22 673
21 674
22 675
22 676
23 677
23 688
22 689
22 690
21 691
21 692
22 693
22 695
23 696
23 702
22 703
22 704
21 705
21 706
23 708
21 710
21 712
22 713
22 714
23 715
23 718
22 719
22 722
23 723
23 725
22 726
22 734
21 735
21 743
22 744
22 745
23 746
109 746
110 747
112 747
113 746
114 746
115 747
116 747
117 746
152 746
153 747
154 747
155 748
156 748
157 747
161 747
162 748
163 747
171 747
172 746
174 746
175 747
180 747
181 746
182 747
183 747
184 748
194 748
195 747
200 747
201 748
208 748
209 747
213 747
214 748
225 748
226 747
229 747
230 748
387 748
389 750
389 759
390 760
466 760
466 750
468 748
497 748
498 747
498 689
499 688
499 685
498 684
498 667
499 666
499 663
498 662
498 656
499 655
498 654
498 648
499 647
499 629
498 628
499 627
499 607
498 606
499 605
499 573
498 572
323 572
322 571
318 571
317 572
247 572
246 571
236 571
235 572
221 572
220 571
209 571
208 572
207 571
199 571
198 572
184 572
183 571
180 571
179 572
177 572
176 571
170 571
169 572
155 572
154 571
23 571
391 749
392 748
463 748
464 749
464 753
465 754
464 755
464 756
462 758
393 758
391 756
400 735
401 735
403 737
403 742
401 744
400 744
398 742
398 737
141 736
142 735
144 737
144 738
143 739
142 739
141 738
87 734
88 735
88 740
85 743
84 742
84 735
85 734
458 733
460 735
460 744
458 746
457 745
457 734
443 733
446 733
447 734
447 744
445 746
444 746
442 744
442 734
434 733
435 734
435 743
434 744
433 744
432 743
432 735
392 733
395 733
397 735
397 744
395 746
394 746
392 744
392 743
391 742
391 734
118 733
119 734
119 742
118 743
116 743
115 742
115 735
116 734
117 734
424 732
426 732
429 735
429 742
428 743
428 745
427 746
423 746
421 744
421 734
422 733
423 733
407 733
409 733
410 732
414 732
416 734
416 744
414 746
408 746
406 744
406 734
382 732
385 732
386 733
387 733
389 735
389 742
388 743
388 744
386 746
380 746
379 745
379 734
380 733
381 733
359 733
360 733
361 732
368 732
369 733
371 733
372 734
372 744
370 746
359 746
358 745
358 734
338 734
339 733
341 733
342 732
352 732
353 733
354 733
355 734
355 743
352 746
341 746
338 743
321 733
322 733
323 732
329 732
332 735
332 742
331 743
331 745
330 746
325 746
324 745
323 745
320 742
320 741
319 740
319 739
320 738
320 734
313 732
315 732
316 733
316 734
317 735
317 742
315 744
310 744
308 742
309 741
309 734
310 733
312 733
303 732
304 733
305 733
306 734
306 740
307 741
307 743
305 745
303 745
300 742
301 741
301 739
300 738
300 735
285 734
286 733
287 733
288 732
295 732
296 733
297 733
298 734
298 742
296 744
287 744
285 742
260 734
261 733
263 733
264 732
276 732
279 735
279 742
277 744
269 744
268 745
265 745
264 744
262 744
260 742
239 735
242 732
254 732
255 733
257 733
258 734
258 743
257 744
256 744
255 745
251 745
250 744
241 744
239 742
219 735
221 733
222 733
223 732
230 732
232 734
233 734
234 735
233 736
233 742
231 744
222 744
221 743
220 743
219 742
215 732
218 735
218 742
216 744
213 744
212 743
212 737
211 736
211 735
213 733
214 733
204 732
206 732
207 733
208 733
210 735
209 736
209 743
208 744
203 744
201 742
201 735
189 732
196 732
198 734
198 742
196 744
189 744
187 742
187 734
163 734
164 733
166 733
167 732
176 732
177 733
179 733
180 734
180 742
178 744
164 744
163 743
146 735
150 731
151 732
157 732
158 733
159 733
161 735
161 742
159 744
147 744
146 743
132 731
137 731
139 733
139 743
138 744
131 744
129 742
129 735
131 733
131 732
123 731
125 731
127 733
127 743
126 744
123 744
122 743
122 732
105 731
107 731
108 732
110 732
111 731
112 732
112 743
111 744
104 744
102 742
102 734
91 731
93 731
94 732
95 732
98 735
98 736
97 737
97 738
98 739
98 742
96 744
91 744
89 742
89 735
90 734
90 732
72 731
75 731
76 732
76 743
75 744
72 744
71 743
71 732
60 731
61 732
61 733
62 734
62 742
60 744
58 742
58 734
59 733
59 732
288 636
296 636
297 637
299 637
300 636
305 636
306 637
306 639
307 640
307 697
306 698
307 699
307 724
306 725
306 728
305 729
286 729
284 727
284 703
285 702
285 701
286 700
286 693
284 691
286 689
286 688
285 687
285 685
284 684
284 681
286 679
285 678
285 676
284 675
284 670
286 668
286 662
284 660
284 657
286 655
286 640
287 639
287 637
266 636
281 636
282 637
282 638
283 639
283 643
284 644
284 645
283 646
283 727
281 729
272 729
271 730
270 729
262 729
260 727
260 639
261 638
262 638
263 637
265 637
237 636
254 636
255 637
256 637
258 639
258 728
257 729
237 729
235 727
235 705
236 704
236 700
235 699
235 697
236 696
236 691
235 690
235 680
236 679
236 656
235 655
235 653
236 652
236 637
215 636
230 636
233 639
233 680
234 681
234 689
233 690
233 697
234 698
234 699
233 700
233 705
234 706
234 727
232 729
213 729
212 728
212 714
211 713
212 712
212 707
211 706
211 700
212 699
212 695
211 694
211 679
212 678
212 673
211 672
211 641
212 640
212 639
487 576
488 576
490 578
490 581
489 582
489 744
488 745
487 745
486 744
486 577
483 575
484 576
484 728
483 729
483 730
484 731
484 741
483 742
483 743
482 744
481 744
480 745
477 742
477 648
478 647
478 643
477 642
477 599
478 598
478 585
477 584
477 580
478 579
478 577
480 575
454 575
461 575
462 576
462 728
460 730
459 730
458 731
456 731
454 729
453 729
452 728
452 577
440 575
449 575
450 576
450 727
446 731
442 731
441 730
439 730
437 728
437 591
438 590
438 589
437 588
437 581
438 580
438 577
421 575
434 575
435 576
435 729
434 730
432 730
431 731
422 731
421 730
420 730
419 729
419 728
418 727
418 577
419 576
420 576
401 575
414 575
416 577
416 588
417 589
417 594
416 595
416 598
417 599
416 600
416 728
415 729
415 730
414 731
403 731
399 727
399 726
398 725
398 691
399 690
399 687
398 686
398 671
399 670
399 665
398 664
398 633
400 631
400 628
399 627
399 626
398 625
398 618
399 617
399 616
400 615
400 608
398 606
398 604
399 603
399 600
398 599
398 597
399 596
399 595
400 594
400 584
399 583
399 577
380 575
395 575
397 577
397 728
395 730
394 730
393 731
383 731
382 730
380 730
379 729
379 576
359 575
375 575
377 577
377 678
376 679
377 680
377 692
376 693
376 695
377 696
377 697
376 698
377 699
377 712
376 713
376 715
377 716
377 720
376 721
376 722
375 723
376 724
376 726
375 727
375 729
373 731
361 731
360 730
359 730
358 729
358 576
472 574
473 575
474 575
476 577
476 737
475 738
475 741
474 742
474 744
472 746
468 746
464 742
464 734
465 733
465 731
466 730
465 729
465 727
464 726
464 724
465 723
465 722
464 721
464 697
465 696
465 695
464 694
464 685
465 684
465 683
466 682
465 681
465 679
464 678
464 671
466 669
466 638
465 637
465 634
466 633
466 589
465 588
465 585
466 584
466 576
467 575
471 575
339 573
340 573
341 574
345 574
346 575
353 575
355 577
355 729
354 730
353 730
352 731
337 731
335 729
335 728
334 727
334 726
333 725
333 640
334 639
334 634
333 633
333 611
335 609
335 602
334 601
334 600
333 599
333 597
334 596
334 595
335 594
335 585
334 584
334 579
335 578
335 577
327 573
329 575
330 575
332 577
332 727
329 730
328 729
327 729
326 730
323 730
322 729
321 729
320 730
318 730
317 731
315 731
313 729
310 729
309 728
309 723
308 722
308 701
309 700
309 694
308 693
308 665
309 664
309 660
308 659
308 653
309 652
309 646
308 645
308 643
309 642
309 640
311 638
312 638
313 637
314 637
315 636
323 636
324 635
324 577
325 576
325 575
314 573
320 573
321 574
321 634
320 635
315 635
314 634
312 634
311 633
311 576
305 573
306 574
306 575
307 576
307 633
306 634
304 634
303 635
301 635
298 632
298 615
299 614
299 613
298 612
298 590
299 589
298 588
298 578
299 577
299 575
300 574
301 574
302 573
288 573
292 573
293 574
294 574
296 576
296 577
297 578
297 588
296 589
297 590
297 612
296 613
297 614
297 631
296 632
296 633
295 634
294 634
293 635
289 635
286 632
286 577
287 576
287 574
278 573
281 573
285 577
285 582
283 584
283 585
285 587
285 592
283 594
284 595
284 598
283 599
283 608
284 609
284 611
283 612
283 617
284 618
284 619
283 620
283 633
281 635
276 635
275 634
274 634
273 633
273 632
272 631
272 577
273 576
274 576
276 574
277 574
264 573
269 573
270 574
270 575
271 576
271 633
270 634
269 634
268 635
264 635
263 634
262 634
261 633
261 632
260 631
260 627
261 626
260 625
260 622
261 621
261 620
260 619
260 590
261 589
260 588
260 586
261 585
261 577
262 576
262 575
250 573
256 573
258 575
258 633
256 635
250 635
248 633
248 575
237 573
243 573
244 574
245 574
246 575
246 629
245 630
245 633
244 634
243 634
242 635
239 635
238 634
237 634
236 633
236 574
225 573
231 573
233 575
233 633
232 634
231 634
230 635
225 635
223 633
223 575
215 573
218 573
219 574
219 575
220 576
220 633
219 634
218 634
217 635
216 635
215 634
213 634
212 633
212 576
200 573
206 573
207 574
207 586
208 587
207 588
207 633
205 635
201 635
200 634
199 634
198 633
198 630
197 629
197 595
198 594
198 589
197 588
197 578
198 577
198 575
189 573
193 573
195 575
195 636
207 636
210 639
210 702
211 703
210 704
210 709
209 710
209 711
210 712
210 715
209 716
209 728
208 729
188 729
187 728
187 576
188 575
188 574
166 573
182 573
184 575
184 577
185 578
185 585
184 586
184 591
185 592
185 598
184 599
184 601
185 602
185 605
184 606
184 624
185 625
185 629
184 630
185 631
185 637
184 638
184 727
182 729
164 729
163 728
163 576
123 573
138 573
140 575
140 576
141 577
141 643
140 644
140 646
141 647
141 669
143 669
143 575
145 573
159 573
161 575
161 727
159 729
144 729
141 726
141 724
142 723
142 722
141 721
141 716
142 715
142 711
143 710
142 709
142 707
141 706
141 705
142 704
142 702
141 701
142 700
142 699
143 698
143 681
141 681
141 684
140 685
140 687
139 688
139 699
140 700
140 702
139 703
139 728
138 729
123 729
122 728
122 717
121 716
121 695
122 694
122 693
121 692
121 681
122 680
122 675
121 674
122 673
122 668
121 667
122 666
122 661
121 660
121 659
122 658
122 574
140 674
140 678
141 678
142 677
142 676
104 573
116 573
117 574
118 574
119 575
119 599
120 600
120 604
119 605
119 643
120 644
120 645
119 646
119 683
120 684
120 691
119 692
119 702
120 703
120 710
119 711
119 727
117 729
104 729
102 727
102 575
87 573
97 573
98 574
99 574
100 575
100 724
99 725
99 728
98 729
85 729
84 728
84 718
83 717
83 712
84 711
84 575
85 574
86 574
72 573
79 573
81 575
81 728
80 729
70 729
68 727
68 577
59 573
65 573
66 574
66 576
67 577
67 725
66 726
66 728
65 729
58 729
57 728
57 727
56 726
56 576
46 573
51 573
52 574
53 574
54 575
54 742
52 744
45 744
44 743
44 575
40 573
42 575
42 598
41 599
41 604
42 605
42 612
41 613
41 614
42 615
42 631
41 632
41 634
40 635
40 637
41 638
41 639
42 640
42 643
41 644
41 646
42 647
42 648
40 650
40 659
41 660
41 661
42 662
41 663
41 666
40 667
40 742
38 744
37 744
35 742
35 705
34 704
34 703
35 702
35 693
34 692
34 690
35 689
35 685
34 684
34 675
35 674
35 671
34 670
34 613
35 612
35 610
34 609
34 605
35 604
35 602
34 601
34 596
35 595
35 593
34 592
35 591
35 590
36 589
35 588
35 586
36 585
36 583
35 582
35 579
36 578
36 575
38 573
30 573
31 573
33 575
33 651
32 652
32 654
33 655
33 669
32 670
32 675
33 676
33 682
32 683
32 690
33 691
32 692
32 742
31 743
30 743
29 742
29 692
28 691
29 690
29 683
28 682
28 676
29 675
29 671
28 670
28 655
29 654
29 652
28 651
28 577
29 576
29 574
126 458
127 458
260 438
259 438
258 439
258 449
259 450
261 448
261 439
468 436
467 435
465 435
459 441
458 441
458 442
457 443
456 443
456 444
454 446
453 446
451 448
450 448
450 449
449 450
448 450
448 451
446 453
445 453
445 454
444 455
443 455
443 456
439 460
438 460
438 461
436 463
436 464
435 465
433 465
433 467
431 469
430 469
429 470
428 470
428 471
427 472
426 472
426 473
422 477
421 477
421 478
420 479
419 479
419 480
415 484
414 484
414 485
412 487
411 487
411 489
408 492
407 492
407 493
406 494
405 494
395 504
394 504
394 505
393 506
392 506
392 507
390 509
390 510
440 510
441 509
442 510
467 510
468 509
463 439
466 442
466 454
465 455
465 459
466 460
466 485
465 486
465 494
466 495
465 496
465 506
463 508
444 508
443 509
439 509
438 508
397 508
396 507
396 506
398 504
398 503
399 502
400 502
400 501
401 500
402 500
403 499
403 498
404 497
405 497
405 496
406 495
407 495
407 494
409 492
410 492
410 491
411 490
412 490
417 485
417 484
418 483
419 483
424 478
424 477
426 475
427 475
430 472
430 471
433 468
434 468
434 467
438 463
439 463
442 460
442 459
445 456
446 456
449 453
449 452
452 449
453 449
454 448
454 447
455 446
455 445
456 444
458 444
458 443
460 441
461 441
461 440
462 439
327 419
327 420
328 420
329 421
329 425
331 427
331 430
333 432
335 432
335 430
333 428
333 426
331 424
331 423
330 422
330 421
328 419
191 419
191 420
190 421
190 422
188 424
188 426
185 429
185 431
186 432
187 432
187 431
188 430
188 429
189 428
189 426
190 425
190 424
191 423
192 423
192 420
376 371
377 372
377 373
378 374
380 374
382 376
385 376
387 378
388 378
388 376
387 375
386 375
385 374
384 374
383 373
382 373
381 372
377 372
143 370
141 370
139 372
138 372
137 373
135 373
135 374
134 375
132 375
132 376
134 376
136 374
139 374
140 373
141 373
142 372
143 372
394 303
395 304
407 304
408 303
407 302
395 302
112 303
113 303
114 304
116 304
117 303
125 303
125 302
113 302
389 230
388 229
384 229
381 232
379 232
377 234
377 235
379 235
381 233
384 233
385 232
386 232
387 231
388 231
132 227
132 228
135 231
138 231
139 232
139 233
141 233
142 234
143 234
144 235
146 235
142 231
140 231
138 229
136 229
134 227
355 208
354 208
352 210
351 210
351 211
342 220
341 220
341 221
340 222
339 222
339 223
338 224
337 224
334 227
334 228
330 232
329 232
329 233
332 233
333 232
333 231
334 230
335 230
335 229
336 228
337 228
345 220
345 219
346 218
347 218
347 217
348 216
349 216
355 210
254 191
251 193
245 199
245 202
246 203
246 293
245 294
245 297
244 298
245 299
245 303
246 304
246 305
247 306
248 306
249 307
249 308
251 310
251 312
259 320
293 320
294 321
297 321
298 320
299 321
304 321
305 320
317 320
318 321
324 321
325 320
327 320
328 321
331 321
332 320
333 320
333 319
334 318
335 318
338 315
338 314
340 312
340 311
343 308
343 307
344 306
345 306
346 305
346 304
347 303
346 302
346 301
344 299
343 299
341 297
341 296
332 287
281 287
280 286
280 285
282 283
282 282
285 279
286 279
289 276
289 275
290 274
291 274
291 273
295 269
296 269
296 267
297 266
298 266
299 265
300 265
306 259
306 258
307 257
308 257
308 256
312 252
313 252
313 251
317 247
318 247
318 245
320 243
321 243
323 241
323 239
324 238
326 238
327 237
327 236
328 235
327 235
321 241
320 241
319 242
319 243
318 244
317 244
316 245
316 246
313 249
312 249
310 251
310 252
309 253
308 253
305 256
305 257
301 261
300 261
300 262
299 263
298 263
297 264
297 266
296 267
295 267
294 268
293 268
293 269
291 271
290 271
290 272
289 273
288 273
288 274
286 276
285 276
285 277
284 278
283 278
283 279
282 280
280 280
279 279
279 201
277 199
277 198
269 190
268 190
267 189
264 189
266 191
266 192
268 192
276 200
276 202
275 203
276 204
276 205
277 206
277 208
276 209
276 210
275 211
275 213
276 214
276 215
277 216
276 217
276 219
275 220
275 223
277 225
276 226
276 231
275 232
275 286
274 287
271 287
270 286
268 286
267 287
259 287
258 288
258 289
257 290
256 290
256 291
255 292
254 292
253 293
253 294
252 295
251 295
251 297
250 298
249 298
247 296
247 201
248 200
248 199
250 197
250 196
251 195
252 195
252 194
253 193
265 318
265 317
267 315
267 314
270 311
270 310
271 309
272 309
275 306
276 306
277 305
277 304
278 303
278 301
279 300
279 290
280 289
332 289
333 290
333 291
334 292
335 292
338 295
338 296
339 296
341 298
342 298
343 299
343 301
344 302
344 304
343 305
343 306
342 307
341 307
339 309
339 310
338 311
338 312
333 317
333 318
332 319
266 319
269 289
270 290
270 292
269 293
269 294
270 293
271 293
273 291
274 291
275 292
275 303
273 305
273 306
272 307
271 307
261 317
259 317
255 313
255 309
261 303
262 303
262 302
263 301
263 300
265 298
266 298
267 297
267 295
266 295
266 296
262 300
261 300
261 301
260 302
259 302
256 305
256 306
255 307
251 307
250 306
250 305
248 303
248 302
250 300
250 299
259 290
260 290
261 289
262 184
260 184
258 186
258 187
257 188
256 188
255 189
257 189
257 188
258 187
262 187
335 174
334 174
333 175
333 177
331 179
331 181
329 183
329 185
328 186
329 187
330 187
330 186
332 184
332 182
333 181
333 179
334 178
335 178
335 177
336 176
335 175
186 173
186 176
188 178
188 180
189 181
189 182
190 183
190 185
191 185
192 186
194 186
192 184
192 181
190 179
190 178
189 177
189 175
188 174
187 174
67 164
67 165
64 168
64 170
62 172
62 173
61 174
60 174
60 175
59 176
59 178
57 180
57 182
54 185
54 187
50 191
50 193
47 196
47 197
46 198
46 199
45 200
45 201
44 202
44 203
42 205
42 206
41 207
41 209
40 210
40 213
37 216
37 222
35 224
35 225
33 227
33 231
32 232
32 240
30 242
30 243
29 244
29 246
28 247
28 255
27 256
27 257
25 259
25 268
24 269
24 271
23 272
23 300
24 301
24 303
23 304
23 396
22 397
22 400
23 401
23 425
22 426
22 427
23 428
23 436
22 437
22 438
23 439
23 455
22 456
22 474
23 475
23 486
22 487
22 493
23 494
23 496
22 497
23 498
23 512
22 513
22 514
23 515
23 534
22 535
22 539
23 540
23 541
58 541
59 542
63 542
64 541
70 541
71 542
78 542
79 541
111 541
112 542
114 542
115 541
124 541
125 542
128 542
129 541
131 541
132 542
161 542
162 541
163 542
166 542
167 541
222 541
223 542
227 542
228 541
276 541
277 542
283 542
284 541
353 541
354 542
355 542
356 543
357 542
360 542
361 541
392 541
393 542
399 542
400 541
422 541
423 542
428 542
429 541
434 541
435 542
441 542
442 541
446 541
447 542
448 542
449 543
451 543
452 542
460 542
461 541
470 541
471 542
475 542
476 541
494 541
495 542
497 542
498 541
499 541
499 343
500 342
500 338
499 337
499 334
500 333
500 326
499 325
499 321
500 320
500 314
499 313
499 312
500 311
500 307
499 306
497 306
497 538
495 540
165 540
164 539
163 540
148 540
147 539
144 539
143 540
136 540
135 539
132 539
131 540
129 540
128 539
124 539
123 540
122 540
121 539
120 540
116 540
115 539
111 539
110 540
85 540
84 539
83 540
79 540
78 539
71 539
70 540
68 540
67 539
66 540
64 540
63 539
59 539
58 540
28 540
27 539
26 539
25 538
25 536
24 535
24 493
25 492
25 488
24 487
24 474
25 473
25 459
24 458
24 455
25 454
25 452
24 451
24 440
25 439
25 432
24 431
25 430
25 423
24 422
25 421
25 413
24 412
24 403
25 402
25 393
24 392
24 276
25 275
25 273
27 271
27 259
28 258
29 258
29 252
31 250
31 249
32 248
32 242
34 240
34 234
36 232
36 224
37 223
38 223
38 221
39 220
39 219
40 218
40 217
41 216
41 215
42 214
42 211
44 209
44 206
46 204
46 202
48 200
48 199
49 198
49 197
53 193
53 191
54 190
54 189
56 187
56 186
58 184
58 182
61 179
61 178
62 177
62 176
63 175
63 174
64 173
65 173
66 172
66 169
68 167
68 165
262 155
260 155
259 156
259 167
260 167
261 168
262 167
121 149
120 150
120 151
119 152
118 152
113 157
113 158
112 159
111 159
110 160
110 161
109 162
108 162
108 164
105 167
105 168
104 169
103 169
103 170
102 171
101 171
101 172
100 173
100 174
96 178
96 179
95 180
94 180
93 181
93 184
86 191
86 192
85 193
85 194
84 195
84 196
83 197
83 198
81 200
81 201
79 203
79 204
78 205
78 206
77 207
77 208
76 209
76 211
74 213
74 214
73 215
73 216
71 218
71 221
69 223
69 224
68 225
68 230
66 232
66 235
65 236
65 237
64 238
64 242
62 244
62 249
61 250
61 251
59 253
59 257
57 259
57 269
56 270
56 271
55 272
55 332
57 334
57 345
59 347
59 351
61 353
61 355
62 356
62 359
64 361
64 366
65 367
65 368
66 369
66 371
67 372
67 376
69 378
69 381
71 383
71 386
72 387
72 388
73 389
73 390
74 391
74 392
76 394
76 396
77 397
77 398
78 399
78 400
80 402
80 405
81 406
81 407
85 411
85 413
86 414
86 415
88 417
88 418
90 420
90 421
91 422
92 422
93 423
93 424
95 426
95 427
96 428
96 429
99 432
100 432
101 433
101 434
102 434
103 435
103 436
105 438
105 439
106 440
106 441
109 444
110 444
112 446
112 447
113 448
114 448
120 454
121 454
123 456
125 456
123 454
123 453
121 453
114 446
114 445
113 445
107 439
107 438
106 437
106 436
105 436
104 435
104 434
100 430
100 429
98 427
98 426
97 425
97 424
96 424
95 423
94 423
93 422
93 421
92 420
92 417
91 416
90 416
88 414
88 411
86 409
85 409
83 407
83 404
82 403
82 402
81 401
81 400
80 399
80 398
79 397
79 396
78 395
78 394
77 393
77 392
76 391
76 389
75 388
75 387
73 385
73 383
72 382
72 380
71 379
71 378
70 377
70 375
69 374
69 373
68 372
68 367
67 366
67 365
65 363
65 359
63 357
63 353
61 351
61 346
59 344
59 343
58 342
58 307
57 306
57 302
58 301
58 285
57 284
57 283
58 282
58 262
59 261
59 260
62 257
62 253
63 252
63 244
64 243
65 243
65 242
66 241
66 239
67 238
67 237
68 236
68 231
69 230
70 230
70 227
71 226
71 224
72 223
72 222
73 221
73 220
74 219
74 218
76 216
76 214
77 213
77 212
78 211
78 210
80 208
80 207
81 206
81 205
82 204
82 203
83 202
83 200
84 199
85 199
85 198
87 196
87 195
88 194
88 193
89 192
89 191
90 190
90 188
91 187
93 187
95 185
95 183
99 179
99 178
100 177
100 176
101 175
102 175
102 174
104 172
104 171
105 170
106 170
107 169
107 168
108 167
109 167
109 165
110 164
110 163
111 162
111 161
112 160
113 160
120 153
121 153
121 152
122 151
124 151
125 150
126 150
126 149
127 148
127 147
128 146
129 146
130 145
131 145
131 144
134 141
136 141
137 140
138 140
140 138
140 137
141 136
141 135
142 134
145 134
148 131
149 131
151 129
152 129
153 128
154 128
156 126
158 126
159 125
160 125
161 124
162 124
163 123
164 123
165 122
166 122
167 121
168 121
169 120
170 120
171 119
173 119
175 117
176 117
177 116
178 116
178 115
179 114
185 114
186 113
187 113
188 112
191 112
193 110
194 110
195 109
199 109
201 107
204 107
206 105
211 105
213 103
214 103
215 102
219 102
220 101
221 101
222 102
229 102
231 100
291 100
293 102
303 102
305 104
309 104
310 105
311 105
312 106
313 106
314 105
315 105
318 108
319 108
320 109
324 109
325 110
327 110
329 112
331 112
332 113
334 113
335 114
336 114
337 115
341 115
342 116
344 116
345 117
346 117
348 119
351 119
352 120
352 121
354 121
355 122
356 122
358 124
361 124
366 129
368 129
370 131
372 131
375 134
376 134
377 135
377 136
380 136
387 143
388 143
389 144
390 144
394 148
394 149
395 150
396 150
397 151
398 151
400 153
401 153
405 157
406 157
407 158
407 159
409 161
409 162
411 164
411 165
419 173
419 174
421 176
421 177
428 184
428 187
432 191
432 193
435 196
435 197
436 198
436 199
438 201
438 203
440 205
440 206
441 207
442 207
443 208
443 211
444 211
445 212
445 215
447 217
447 218
448 219
448 220
450 222
450 230
453 233
453 234
454 235
454 238
455 239
455 244
457 246
457 248
458 249
458 250
459 251
459 257
460 258
460 260
462 262
462 271
463 272
463 273
464 274
464 329
463 330
463 331
462 332
462 344
460 346
460 348
459 349
459 350
460 351
458 353
458 354
457 355
457 358
455 360
455 365
453 367
453 370
452 371
452 372
451 373
451 374
450 375
450 378
448 380
448 383
447 384
447 385
446 386
446 387
445 388
445 391
443 393
443 394
442 395
442 396
441 397
441 398
440 399
440 400
438 402
438 404
436 406
436 407
435 408
435 409
433 411
433 414
428 419
428 422
427 423
426 423
423 426
423 427
422 428
421 428
421 430
411 440
411 441
410 442
410 443
408 445
407 445
399 453
397 453
391 459
389 459
388 460
316 460
315 459
311 459
310 460
304 460
303 459
299 459
298 460
297 459
294 459
293 460
292 459
287 459
286 460
280 460
279 459
278 459
277 460
276 460
275 459
272 459
271 460
268 460
267 459
265 459
264 460
263 459
260 459
259 460
252 460
251 459
244 459
243 460
241 460
240 459
233 459
232 460
227 460
226 459
185 459
184 460
183 460
182 459
173 459
172 460
171 459
165 459
164 460
163 459
139 459
138 458
137 458
136 459
132 459
131 460
131 461
344 461
345 462
347 462
348 461
355 461
356 462
360 462
361 461
364 461
365 462
367 462
368 461
379 461
380 462
390 462
391 461
392 461
393 460
393 459
395 457
396 457
397 456
399 456
402 453
403 453
403 452
410 445
410 444
411 443
412 443
413 442
413 441
415 439
415 438
416 437
417 437
423 431
423 429
425 427
425 426
426 425
427 425
428 424
428 423
430 421
430 419
432 417
432 416
433 415
434 415
434 414
435 413
435 411
437 409
437 408
440 405
440 403
442 401
442 399
444 397
444 396
445 395
445 394
446 393
446 392
447 391
447 389
448 388
449 388
449 385
450 384
450 383
451 382
451 381
452 380
452 377
454 375
454 369
456 367
456 366
457 365
457 364
458 363
458 359
459 358
459 354
462 351
462 348
463 347
463 335
464 334
464 332
466 330
466 273
465 273
464 272
464 270
463 269
463 260
462 259
462 252
461 251
461 250
460 249
460 247
459 246
459 244
458 243
458 241
457 240
457 239
456 238
456 235
455 234
455 233
454 232
454 228
452 226
452 223
451 222
451 220
449 218
449 215
448 215
447 214
447 212
445 210
445 209
444 208
444 206
442 204
442 203
440 201
440 200
438 198
438 197
437 196
437 195
436 195
435 194
435 192
434 191
434 190
433 190
432 189
432 188
430 186
430 184
427 181
426 181
425 180
425 178
424 177
424 176
422 174
421 174
420 173
420 172
419 172
417 170
417 169
416 169
415 168
415 166
413 164
413 163
410 160
410 159
409 159
405 155
405 154
404 154
403 153
403 152
402 152
400 150
399 150
398 149
397 149
396 148
396 147
395 146
394 146
391 143
391 142
389 142
388 141
387 141
386 140
385 140
384 139
384 138
381 135
380 135
379 134
378 134
373 129
372 129
371 128
370 128
369 127
367 127
363 123
361 123
359 121
358 121
357 120
355 120
354 119
353 119
352 118
350 118
348 116
347 116
346 115
344 115
343 114
343 113
342 113
341 112
337 112
335 110
330 110
328 108
324 108
323 107
323 106
322 106
321 105
317 105
315 103
312 103
310 101
305 101
303 99
293 99
292 98
277 98
276 97
275 98
258 98
257 97
251 97
250 98
245 98
244 97
238 97
237 98
236 97
232 97
231 98
229 98
228 99
219 99
218 100
217 100
216 101
212 101
210 103
206 103
204 105
201 105
200 106
198 106
196 108
193 108
191 110
186 110
185 111
183 111
181 113
180 113
179 114
178 114
177 115
175 115
174 116
173 116
172 117
170 117
169 118
168 118
166 120
163 120
163 121
162 122
159 122
157 124
156 124
155 125
154 125
151 128
150 128
149 129
148 129
147 130
146 130
144 132
143 132
140 135
139 135
139 136
138 137
137 137
135 139
134 139
133 140
133 141
132 142
130 142
130 143
126 147
125 147
125 148
124 149
357 86
357 87
358 87
359 88
360 88
361 89
362 89
363 90
365 90
367 92
368 92
369 93
369 94
370 95
373 95
374 96
374 97
377 97
378 98
378 99
379 99
380 100
380 101
381 102
383 102
385 104
387 104
391 108
392 108
393 109
394 109
395 110
396 110
397 111
398 111
402 115
403 115
404 116
405 116
408 119
409 119
412 122
414 122
416 124
416 125
417 126
418 126
421 129
421 130
422 131
424 131
426 133
426 134
428 136
429 136
430 137
430 138
431 139
431 140
432 140
433 141
434 141
435 142
435 143
436 144
436 145
437 145
438 146
439 146
440 147
440 149
441 150
441 151
443 153
444 153
445 154
445 155
448 158
448 160
450 162
450 163
451 163
453 165
453 166
454 167
454 169
455 170
455 172
459 176
459 178
460 179
460 180
461 180
462 181
462 182
463 183
463 184
465 186
465 187
467 189
467 190
468 191
468 194
472 198
472 199
473 200
473 201
474 202
474 203
476 205
476 206
477 207
477 209
479 211
479 214
480 215
480 216
481 217
481 219
482 220
482 221
484 223
484 226
485 227
485 229
486 230
486 233
487 234
487 237
488 238
488 239
489 240
489 248
491 250
491 251
492 252
492 260
493 261
493 270
494 271
494 272
495 273
495 288
496 289
496 290
497 291
497 300
498 300
499 301
500 300
500 292
499 291
499 290
498 289
498 273
496 271
496 262
495 261
495 260
494 260
493 259
493 249
491 247
491 242
490 241
490 238
489 237
489 233
488 232
488 231
487 230
487 227
486 226
486 224
485 223
485 220
484 219
484 218
481 215
481 210
480 209
480 208
479 207
479 205
476 202
476 199
471 194
471 192
468 189
468 187
466 185
466 184
464 182
464 181
462 179
462 176
458 172
458 171
457 170
457 169
456 168
456 167
454 165
454 164
453 164
452 163
452 162
451 161
450 161
449 160
449 157
446 154
445 154
444 153
444 150
442 148
442 147
440 145
439 145
437 143
437 142
436 142
435 141
435 140
434 139
433 139
432 138
432 137
431 137
429 135
429 134
427 132
426 132
425 131
425 130
422 127
421 127
420 126
420 125
417 122
416 122
414 120
412 120
407 115
405 115
398 108
396 108
395 107
394 107
393 106
392 106
391 105
390 105
386 101
384 101
383 100
382 100
381 99
380 99
377 96
375 96
373 94
372 94
371 93
370 93
366 89
365 89
364 88
362 88
360 86
355 84
354 84
353 83
351 83
350 82
349 82
348 81
347 81
345 79
341 79
340 78
339 78
337 76
331 76
329 74
327 74
325 72
325 43
324 42
322 42
320 40
316 40
315 39
314 39
313 38
307 38
306 37
304 37
303 36
295 36
294 35
292 35
291 34
230 34
229 35
226 35
225 36
217 36
216 37
212 37
211 38
208 38
206 40
203 40
202 41
201 41
200 42
199 42
198 43
198 44
197 45
197 47
198 48
198 55
196 57
196 60
197 61
197 64
198 65
197 66
197 69
196 70
196 72
194 74
191 74
189 76
185 76
184 77
181 77
180 78
179 78
178 79
177 79
175 81
169 81
168 82
167 82
166 83
165 83
162 86
159 86
159 87
158 88
157 88
154 91
152 91
150 93
148 93
146 95
145 95
142 98
141 98
140 99
138 99
136 101
134 101
131 104
130 104
129 105
128 105
127 106
126 106
124 108
123 108
121 110
120 110
120 111
118 113
117 113
115 115
113 115
110 118
110 119
109 120
106 120
78 148
78 150
73 155
73 156
72 157
72 158
69 161
69 162
70 162
73 159
73 158
76 155
76 154
77 153
78 153
80 151
80 150
81 149
81 148
103 126
103 125
104 124
105 124
107 122
108 122
109 121
110 121
112 119
113 119
118 114
119 114
120 113
121 113
121 112
123 110
124 110
125 109
127 109
129 107
131 107
131 106
133 104
134 104
134 103
135 102
138 102
140 100
141 100
142 99
143 99
143 98
144 97
147 97
149 95
151 95
154 92
155 92
156 91
157 91
158 90
159 90
160 89
161 89
162 88
163 88
165 86
166 86
167 85
172 85
174 83
176 83
179 80
183 80
185 78
190 78
192 76
199 76
200 75
201 75
203 73
207 73
209 71
218 71
220 69
225 69
226 70
229 70
231 68
236 68
237 67
240 67
241 68
243 68
244 67
247 67
248 68
252 68
253 67
259 67
260 68
268 68
269 67
271 67
272 68
276 68
277 67
278 67
279 68
291 68
293 70
297 70
298 69
300 69
301 70
302 70
303 71
310 71
312 73
318 73
319 74
320 74
322 76
328 76
329 77
329 78
336 78
338 80
342 80
344 82
345 82
346 83
347 83
348 84
349 84
350 85
355 85
3729
0 1
1 2
2 3
3 4
4 5
5 6
6 7
7 8
8 9
9 10
10 11
11 12
12 13
13 14
14 15
15 16
16 17
17 18
18 19
19 20
20 21
21 22
22 23
23 24
24 25
25 26
26 27
27 28
28 29
29 30
30 31
31 32
32 33
33 34
34 35
35 36
36 37
37 38
38 39
39 40
40 41
41 42
42 43
43 44
44 45
45 46
46 47
47 48
48 49
49 50
50 51
51 52
52 53
53 54
54 55
55 56
56 57
57 58
58 59
59 60
60 61
61 62
62 63
63 64
64 65
65 66
66 67
67 68
68 69
69 70
70 71
71 72
72 73
73 74
74 75
75 76
76 77
77 78
78 79
79 80
80 81
81 82
82 83
83 84
84 85
85 86
86 87
87 88
88 89
89 90
90 91
91 92
92 93
93 94
94 95
95 96
96 97
97 98
98 99
99 100
100 101
101 102
102 103
103 104
104 105
105 106
106 107
107 108
108 109
109 110
110 111
111 112
112 113
113 114
114 115
115 116
116 117
117 118
118 119
119 120
120 121
121 122
122 123
123 124
124 125
125 126
126 127
127 128
128 129
129 130
130 131
131 132
132 133
133 134
134 135
135 136
136 137
137 138
138 139
139 140
140 141
141 142
142 143
143 144
144 145
146 147
147 148
148 149
149 150
150 151
151 152
152 153
153 154
154 155
155 156
157 158
158 159
159 160
160 161
161 162
162 163
163 164
165 166
166 167
167 168
168 169
169 170
170 171
172 173
173 174
174 175
175 176
176 177
177 178
179 180
180 181
181 182
182 183
183 184
185 186
186 187
187 188
188 189
189 190
190 191
191 192
193 194
194 195
195 196
196 197
197 198
198 199
200 201
201 202
202 203
203 204
204 205
205 206
206 207
207 208
208 209
210 211
211 212
212 213
213 214
214 215
215 216
216 217
217 218
219 220
220 221
221 222
222 223
223 224
224 225
225 226
226 227
227 228
228 229
229 230
231 232
232 233
233 234
234 235
235 236
236 237
237 238
238 239
239 240
241 242
242 243
243 244
244 245
245 246
246 247
247 248
248 249
249 250
250 251
251 252
252 253
253 254
255 256
256 257
257 258
258 259
259 260
260 261
261 262
262 263
263 264
264 265
265 266
267 268
268 269
269 270
270 271
271 272
272 273
273 274
274 275
275 276
276 277
277 278
279 280
280 281
281 282
282 283
283 284
284 285
285 286
286 287
287 288
288 289
289 290
290 291
291 292
292 293
293 294
294 295
295 296
297 298
298 299
299 300
300 301
301 302
302 303
303 304
304 305
305 306
306 307
307 308
308 309
310 311
311 312
312 313
313 314
314 315
315 316
316 317
317 318
318 319
319 320
320 321
321 322
322 323
324 325
325 326
326 327
327 328
328 329
329 330
330 331
331 332
332 333
333 334
334 335
336 337
337 338
338 339
339 340
340 341
341 342
342 343
343 344
344 345
345 346
346 347
347 348
348 349
350 351
351 352
352 353
353 354
354 355
355 356
356 357
357 358
358 359
359 360
360 361
361 362
362 363
364 365
365 366
366 367
367 368
368 369
369 370
370 371
371 372
372 373
373 374
374 375
375 376
376 377
377 378
379 380
380 381
381 382
382 383
383 384
384 385
385 386
386 387
387 388
388 389
390 391
391 392
392 393
393 394
394 395
395 396
396 397
397 398
398 399
399 400
401 402
402 403
403 404
404 405
405 406
406 407
407 408
409 410
410 411
411 412
412 413
413 414
414 415
415 416
416 417
417 418
418 419
419 420
421 422
422 423
423 424
424 425
425 426
426 427
427 428
428 429
429 430
430 431
432 433
433 434
434 435
435 436
436 437
437 438
438 439
439 440
440 441
442 443
443 444
444 445
445 446
446 447
447 448
448 449
450 451
451 452
452 453
453 454
454 455
455 456
456 457
457 458
458 459
459 460
461 462
462 463
463 464
464 465
465 466
466 467
467 468
468 469
469 470
470 471
471 472
472 473
473 474
474 475
475 476
477 478
478 479
479 480
480 481
481 482
482 483
483 484
485 486
486 487
487 488
488 489
489 490
490 491
491 492
492 493
493 494
495 496
496 497
497 498
498 499
499 500
500 501
501 502
502 503
503 504
504 505
505 506
506 507
507 508
508 509
509 510
510 511
511 512
512 513
513 514
514 515
515 516
516 517
517 518
518 519
519 520
520 521
521 522
522 523
523 524
524 525
525 526
526 527
527 528
528 529
529 530
530 531
531 532
532 533
533 534
534 535
535 536
536 537
538 539
539 540
540 541
541 542
542 543
543 544
544 545
545 546
546 547
547 548
548 549
549 550
550 551
551 552
552 553
553 554
554 555
555 556
556 557
557 558
559 560
560 561
561 562
562 563
563 564
564 565
565 566
566 567
567 568
568 569
569 570
570 571
571 572
572 573
573 574
574 575
575 576
576 577
577 578
578 579
579 580
580 581
581 582
583 584
584 585
585 586
586 587
587 588
588 589
589 590
590 591
591 592
592 593
593 594
594 595
595 596
596 597
597 598
598 599
599 600
600 601
601 602
602 603
603 604
604 605
605 606
606 607
607 608
608 609
609 610
610 611
611 612
612 613
613 614
614 615
616 617
617 618
618 619
619 620
620 621
621 622
622 623
623 624
624 625
626 627
627 628
628 629
629 630
630 631
631 632
632 633
633 634
634 635
635 636
636 637
637 638
638 639
639 640
640 641
641 642
642 643
643 644
644 645
645 646
646 647
647 648
648 649
649 650
651 652
652 653
653 654
654 655
655 656
656 657
657 658
658 659
659 660
660 661
661 662
663 664
664 665
665 666
666 667
667 668
668 669
669 670
670 671
671 672
672 673
673 674
674 675
675 676
676 677
677 678
679 680
680 681
681 682
682 683
683 684
684 685
685 686
686 687
687 688
688 689
689 690
690 691
691 692
692 693
693 694
695 696
696 697
697 698
698 699
699 700
700 701
701 702
702 703
703 704
704 705
705 706
706 707
707 708
708 709
709 710
710 711
711 712
712 713
713 714
714 715
715 716
716 717
717 718
718 719
719 720
720 721
721 722
722 723
723 724
724 725
725 726
726 727
727 728
728 729
729 730
730 731
731 732
732 733
733 734
734 735
735 736
736 737
737 738
738 739
739 740
740 741
741 742
742 743
744 745
745 746
746 747
747 748
748 749
749 750
750 751
751 752
752 753
753 754
754 755
756 757
757 758
758 759
759 760
760 761
761 762
762 763
763 764
764 765
765 766
766 767
767 768
768 769
769 770
770 771
771 772
772 773
773 774
774 775
775 776
776 777
777 778
778 779
779 780
780 781
781 782
782 783
783 784
784 785
785 786
787 788
788 789
789 790
790 791
791 792
792 793
793 794
794 795
795 796
796 797
797 798
798 799
799 800
800 801
801 802
802 803
803 804
804 805
805 806
806 807
807 808
808 809
809 810
810 811
811 812
812 813
813 814
814 815
815 816
816 817
817 818
818 819
819 820
820 821
821 822
822 823
823 824
824 825
825 826
826 827
827 828
828 829
829 830
830 831
831 832
832 833
834 835
835 836
836 837
837 838
838 839
839 840
840 841
841 842
842 843
843 844
844 845
845 846
846 847
847 848
848 849
849 850
850 851
851 852
852 853
853 854
854 855
855 856
856 857
857 858
858 859
859 860
860 861
861 862
862 863
863 864
864 865
865 866
866 867
867 868
868 869
870 871
871 872
872 873
873 874
874 875
875 876
876 877
877 878
878 879
879 880
880 881
881 882
882 883
883 884
884 885
885 886
886 887
887 888
888 889
889 890
890 891
891 892
892 893
893 894
894 895
895 896
896 897
897 898
898 899
899 900
900 901
901 902
902 903
903 904
904 905
905 906
906 907
907 908
908 909
909 910
910 911
911 912
912 913
913 914
914 915
916 917
917 918
918 919
919 920
920 921
921 922
922 923
923 924
924 925
926 927
927 928
928 929
929 930
930 931
931 932
932 933
933 934
934 935
935 936
936 937
937 938
938 939
939 940
940 941
941 942
942 943
943 944
944 945
945 946
946 947
947 948
949 950
950 951
951 952
952 953
953 954
954 955
955 956
956 957
957 958
958 959
959 960
960 961
961 962
962 963
963 964
964 965
965 966
966 967
967 968
968 969
969 970
970 971
971 972
973 974
974 975
975 976
976 977
977 978
978 979
979 980
980 981
981 982
982 983
983 984
984 985
985 986
986 987
987 988
988 989
989 990
990 991
991 992
992 993
993 994
994 995
995 996
996 997
997 998
998 999
999 1000
1000 1001
1001 1002
1002 1003
1003 1004
1004 1005
1006 1007
1007 1008
1008 1009
1009 1010
1010 1011
1011 1012
1012 1013
1013 1014
1014 1015
1015 1016
1016 1017
1017 1018
1018 1019
1019 1020
1020 1021
1021 1022
1022 1023
1023 1024
1024 1025
1025 1026
1026 1027
1027 1028
1028 1029
1029 1030
1030 1031
1031 1032
1032 1033
1033 1034
1034 1035
1036 1037
1037 1038
1038 1039
1039 1040
1040 1041
1041 1042
1042 1043
1044 1045
1045 1046
1046 1047
1047 1048
1048 1049
1049 1050
1050 1051
1051 1052
1052 1053
1053 1054
1054 1055
1055 1056
1056 1057
1057 1058
1058 1059
1060 1061
1061 1062
1062 1063
1063 1064
1064 1065
1065 1066
1066 1067
1067 1068
1068 1069
1070 1071
1071 1072
1072 1073
1073 1074
1074 1075
1075 1076
1076 1077
1077 1078
1078 1079
1079 1080
1080 1081
1081 1082
1082 1083
1084 1085
1085 1086
1086 1087
1087 1088
1088 1089
1089 1090
1090 1091
1091 1092
1092 1093
1093 1094
1094 1095
1095 1096
1096 1097
1097 1098
1098 1099
1099 1100
1100 1101
1101 1102
1102 1103
1103 1104
1105 1106
1106 1107
1107 1108
1108 1109
1109 1110
1110 1111
1111 1112
1112 1113
1113 1114
1114 1115
1115 1116
1116 1117
1117 1118
1118 1119
1119 1120
1120 1121
1121 1122
1122 1123
1123 1124
1124 1125
1125 1126
1127 1128
1128 1129
1129 1130
1130 1131
1131 1132
1132 1133
1133 1134
1134 1135
1135 1136
1136 1137
1137 1138
1138 1139
1139 1140
1140 1141
1141 1142
1142 1143
1143 1144
1144 1145
1145 1146
1146 1147
1147 1148
1148 1149
1149 1150
1150 1151
1151 1152
1152 1153
1154 1155
1155 1156
1156 1157
1157 1158
1158 1159
1159 1160
1160 1161
1161 1162
1162 1163
1163 1164
1164 1165
1165 1166
1166 1167
1167 1168
1168 1169
1169 1170
1170 1171
1171 1172
1172 1173
1173 1174
1174 1175
1175 1176
1176 1177
1177 1178
1178 1179
1179 1180
1180 1181
1181 1182
1182 1183
1183 1184
1184 1185
1185 1186
1186 1187
1187 1188
1188 1189
1189 1190
1190 1191
1191 1192
1192 1193
1193 1194
1194 1195
1195 1196
1196 1197
1197 1198
1198 1199
1199 1200
1200 1201
1201 1202
1202 1203
1203 1204
1204 1205
1205 1206
1206 1207
1207 1208
1208 1209
1209 1210
1210 1211
1211 1212
1212 1213
1213 1214
1214 1215
1215 1216
1216 1217
1217 1218
1218 1219
1219 1220
1220 1221
1221 1222
1222 1223
1224 1225
1225 1226
1226 1227
1227 1228
1229 1230
1230 1231
1231 1232
1232 1233
1233 1234
1234 1235
1235 1236
1236 1237
1237 1238
1238 1239
1239 1240
1240 1241
1241 1242
1242 1243
1243 1244
1244 1245
1245 1246
1246 1247
1247 1248
1248 1249
1249 1250
1250 1251
1251 1252
1252 1253
1253 1254
1255 1256
1256 1257
1257 1258
1258 1259
1259 1260
1260 1261
1261 1262
1262 1263
1263 1264
1264 1265
1265 1266
1266 1267
1267 1268
1268 1269
1269 1270
1270 1271
1271 1272
1273 1274
1274 1275
1275 1276
1276 1277
1277 1278
1278 1279
1279 1280
1281 1282
1282 1283
1283 1284
1284 1285
1285 1286
1286 1287
1287 1288
1288 1289
1289 1290
1290 1291
1291 1292
1292 1293
1293 1294
1295 1296
1296 1297
1297 1298
1298 1299
1299 1300
1300 1301
1301 1302
1302 1303
1303 1304
1305 1306
1306 1307
1307 1308
1308 1309
1309 1310
1310 1311
1311 1312
1312 1313
1313 1314
1314 1315
1315 1316
1316 1317
1317 1318
1318 1319
1319 1320
1320 1321
1321 1322
1322 1323
1323 1324
1324 1325
1325 1326
1326 1327
1327 1328
1328 1329
1329 1330
1330 1331
1331 1332
1332 1333
1333 1334
1334 1335
1335 1336
1336 1337
1337 1338
1338 1339
1339 1340
1340 1341
1341 1342
1342 1343
1343 1344
1344 1345
1345 1346
1346 1347
1347 1348
1348 1349
1349 1350
1350 1351
1351 1352
1352 1353
1353 1354
1354 1355
1355 1356
1356 1357
1357 1358
1358 1359
1359 1360
1360 1361
1361 1362
1362 1363
1363 1364
1364 1365
1365 1366
1366 1367
1367 1368
1368 1369
1369 1370
1370 1371
1371 1372
1372 1373
1373 1374
1374 1375
1375 1376
1376 1377
1378 1379
1379 1380
1380 1381
1381 1382
1382 1383
1383 1384
1384 1385
1385 1386
1386 1387
1387 1388
1388 1389
1389 1390
1390 1391
1391 1392
1392 1393
1393 1394
1394 1395
1395 1396
1396 1397
1397 1398
1398 1399
1399 1400
1400 1401
1401 1402
1402 1403
1403 1404
1404 1405
1405 1406
1406 1407
1407 1408
1408 1409
1409 1410
1410 1411
1411 1412
1412 1413
1414 1415
1416 1417
1417 1418
1418 1419
1419 1420
1420 1421
1421 1422
1423 1424
1424 1425
1425 1426
1426 1427
1427 1428
1428 1429
1429 1430
1430 1431
1431 1432
1432 1433
1433 1434
1434 1435
1435 1436
1436 1437
1437 1438
1438 1439
1439 1440
1440 1441
1441 1442
1442 1443
1443 1444
1444 1445
1445 1446
1446 1447
1447 1448
1448 1449
1449 1450
1450 1451
1451 1452
1452 1453
1453 1454
1454 1455
1455 1456
1456 1457
1457 1458
1458 1459
1459 1460
1460 1461
1461 1462
1462 1463
1463 1464
1464 1465
1465 1466
1466 1467
1467 1468
1468 1469
1469 1470
1470 1471
1471 1472
1472 1473
1473 1474
1474 1475
1475 1476
1476 1477
1477 1478
1478 1479
1479 1480
1480 1481
1481 1482
1482 1483
1483 1484
1484 1485
1485 1486
1486 1487
1487 1488
1488 1489
1489 1490
1490 1491
1492 1493
1493 1494
1494 1495
1495 1496
1496 1497
1497 1498
1498 1499
1499 1500
1500 1501
1501 1502
1502 1503
1503 1504
1504 1505
1505 1506
1506 1507
1507 1508
1508 1509
1509 1510
1510 1511
1511 1512
1512 1513
1513 1514
1514 1515
1515 1516
1516 1517
1517 1518
1518 1519
1519 1520
1520 1521
1521 1522
1522 1523
1523 1524
1524 1525
1525 1526
1526 1527
1527 1528
1528 1529
1529 1530
1530 1531
1531 1532
1532 1533
1533 1534
1534 1535
1535 1536
1536 1537
1537 1538
1538 1539
1539 1540
1540 1541
1541 1542
1542 1543
1543 1544
1544 1545
1545 1546
1546 1547
1547 1548
1548 1549
1549 1550
1550 1551
1551 1552
1552 1553
1553 1554
1554 1555
1555 1556
1556 1557
1557 1558
1558 1559
1559 1560
1560 1561
1561 1562
1562 1563
1563 1564
1564 1565
1566 1567
1567 1568
1568 1569
1569 1570
1570 1571
1571 1572
1572 1573
1573 1574
1574 1575
1575 1576
1576 1577
1577 1578
1578 1579
1579 1580
1580 1581
1581 1582
1583 1584
1584 1585
1585 1586
1586 1587
1587 1588
1588 1589
1589 1590
1590 1591
1591 1592
1592 1593
1593 1594
1594 1595
1595 1596
1596 1597
1597 1598
1598 1599
1599 1600
1600 1601
1601 1602
1603 1604
1604 1605
1605 1606
1606 1607
1607 1608
1608 1609
1609 1610
1610 1611
1611 1612
1612 1613
1613 1614
1614 1615
1615 1616
1616 1617
1617 1618
1618 1619
1619 1620
1621 1622
1622 1623
1623 1624
1624 1625
1625 1626
1626 1627
1627 1628
1628 1629
1629 1630
1630 1631
1631 1632
1632 1633
1633 1634
1634 1635
1635 1636
1636 1637
1638 1639
1639 1640
1640 1641
1641 1642
1642 1643
1644 1645
1645 1646
1646 1647
1647 1648
1648 1649
1649 1650
1650 1651
1652 1653
1653 1654
1654 1655
1655 1656
1656 1657
1657 1658
1658 1659
1659 1660
1660 1661
1661 1662
1662 1663
1663 1664
1664 1665
1666 1667
1667 1668
1668 1669
1669 1670
1670 1671
1671 1672
1672 1673
1673 1674
1674 1675
1675 1676
1676 1677
1677 1678
1678 1679
1679 1680
1680 1681
1682 1683
1683 1684
1684 1685
1685 1686
1686 1687
1687 1688
1688 1689
1689 1690
1690 1691
1691 1692
1692 1693
1693 1694
1694 1695
1695 1696
1696 1697
1697 1698
1698 1699
1699 1700
1700 1701
1701 1702
1702 1703
1703 1704
1704 1705
1705 1706
1706 1707
1707 1708
1708 1709
1709 1710
1710 1711
1711 1712
1712 1713
1713 1714
1714 1715
1717 1718
1718 1719
1719 1720
1720 1721
1721 1722
1722 1723
1723 1724
1724 1725
1725 1726
1726 1727
1727 1728
1728 1729
1729 1730
1730 1731
1731 1732
1732 1733
1733 1734
1734 1735
1735 1736
1736 1737
1737 1738
1738 1739
1739 1740
1740 1741
1741 1742
1742 1743
1743 1744
1744 1745
1745 1746
1746 1747
1747 1748
1748 1749
1749 1750
1750 1751
1751 1752
1752 1753
1753 1754
1754 1755
1755 1756
1756 1757
1757 1758
1758 1759
1759 1760
1760 1761
1761 1762
1762 1763
1763 1764
1764 1765
1765 1766
1766 1767
1767 1768
1768 1769
1769 1770
1770 1771
1771 1772
1772 1773
1773 1774
1774 1775
1775 1776
1776 1777
1777 1778
1778 1779
1779 1780
1780 1781
1781 1782
1782 1783
1783 1784
1784 1785
1785 1786
1786 1787
1787 1788
1788 1789
1789 1790
1790 1791
1791 1792
1792 1793
1793 1794
1794 1795
1795 1796
1796 1797
1797 1798
1798 1799
1799 1800
1800 1801
1801 1802
1802 1803
1803 1804
1804 1805
1805 1806
1806 1807
1807 1808
1808 1809
1809 1810
1810 1811
1811 1812
1812 1813
1813 1814
1814 1815
1815 1816
1816 1817
1817 1818
1818 1819
1819 1820
1820 1821
1821 1822
1822 1823
1823 1824
1824 1825
1825 1826
1826 1827
1827 1828
1828 1829
1829 1830
1830 1831
1831 1832
1832 1833
1833 1834
1834 1835
1835 1836
1836 1837
1837 1838
1838 1839
1839 1840
1840 1841
1841 1842
1842 1843
1843 1844
1844 1845
1845 1846
1846 1847
1847 1848
1848 1849
1849 1850
1850 1851
1851 1852
1852 1853
1853 1854
1854 1855
1855 1856
1856 1857
1857 1858
1858 1859
1859 1860
1860 1861
1861 1862
1862 1863
1863 1864
1864 1865
1865 1866
1866 1867
1867 1868
1868 1869
1869 1870
1870 1871
1871 1872
1872 1873
1873 1874
1874 1875
1875 1876
1876 1877
1877 1878
1878 1879
1879 1880
1880 1881
1881 1882
1882 1883
1883 1884
1884 1885
1885 1886
1886 1887
1887 1888
1888 1889
1889 1890
1890 1891
1891 1892
1892 1893
1893 1894
1894 1895
1895 1896
1896 1897
1897 1898
1898 1899
1899 1900
1900 1901
1901 1902
1902 1903
1903 1904
1904 1905
1905 1906
1906 1907
1907 1908
1908 1909
1909 1910
1910 1911
1911 1912
1912 1913
1913 1914
1914 1915
1915 1916
1916 1917
1917 1918
1919 1920
1920 1921
1921 1922
1922 1923
1923 1924
1924 1925
1925 1926
1926 1927
1927 1928
1928 1929
1929 1930
1930 1931
1931 1932
1932 1933
1933 1934
1934 1935
1935 1936
1936 1937
1937 1938
1938 1939
1939 1940
1940 1941
1941 1942
1942 1943
1943 1944
1944 1945
1945 1946
1946 1947
1947 1948
1948 1949
1949 1950
1950 1951
1951 1952
1952 1953
1953 1954
1954 1955
1955 1956
1956 1957
1957 1958
1958 1959
1959 1960
1960 1961
1962 1963
1963 1964
1964 1965
1965 1966
1966 1967
1967 1968
1968 1969
1969 1970
1970 1971
1971 1972
1972 1973
1973 1974
1974 1975
1975 1976
1976 1977
1977 1978
1978 1979
1979 1980
1980 1981
1981 1982
1982 1983
1983 1984
1984 1985
1985 1986
1986 1987
1987 1988
1988 1989
1989 1990
1990 1991
1991 1992
1992 1993
1993 1994
1994 1995
1995 1996
1996 1997
1997 1998
1998 1999
1999 2000
2000 2001
2001 2002
2002 2003
2003 2004
2004 2005
2005 2006
2006 2007
2007 2008
2008 2009
2010 2011
2011 2012
2012 2013
2013 2014
2014 2015
2015 2016
2016 2017
2017 2018
2018 2019
2019 2020
2021 2022
2022 2023
2023 2024
2024 2025
2025 2026
2026 2027
2027 2028
2028 2029
2029 2030
2030 2031
2031 2032
2032 2033
2033 2034
2034 2035
2035 2036
2036 2037
2037 2038
2038 2039
2039 2040
2040 2041
2042 2043
2043 2044
2044 2045
2045 2046
2046 2047
2047 2048
2048 2049
2049 2050
2050 2051
2051 2052
2052 2053
2053 2054
2054 2055
2055 2056
2056 2057
2057 2058
2058 2059
2059 2060
2061 2062
2062 2063
2063 2064
2064 2065
2065 2066
2066 2067
2067 2068
2068 2069
2069 2070
2070 2071
2071 2072
2072 2073
2073 2074
2074 2075
2075 2076
2076 2077
2077 2078
2078 2079
2079 2080
2080 2081
2081 2082
2082 2083
2083 2084
2084 2085
2085 2086
2086 2087
2087 2088
2088 2089
2089 2090
2090 2091
2091 2092
2092 2093
2093 2094
2094 2095
2095 2096
2096 2097
2097 2098
2098 2099
2099 2100
2100 2101
2101 2102
2102 2103
2103 2104
2104 2105
2105 2106
2106 2107
2107 2108
2108 2109
2109 2110
2110 2111
2111 2112
2112 2113
2113 2114
2114 2115
2115 2116
2116 2117
2117 2118
2118 2119
2119 2120
2120 2121
2121 2122
2122 2123
2123 2124
2124 2125
2125 2126
2126 2127
2127 2128
2128 2129
2129 2130
2130 2131
2131 2132
2132 2133
2133 2134
2134 2135
2135 2136
2136 2137
2137 2138
2138 2139
2139 2140
2140 2141
2141 2142
2142 2143
2143 2144
2144 2145
2145 2146
2146 2147
2147 2148
2148 2149
2149 2150
2150 2151
2151 2152
2152 2153
2153 2154
2154 2155
2155 2156
2156 2157
2157 2158
2158 2159
2159 2160
2160 2161
2161 2162
2162 2163
2163 2164
2164 2165
2165 2166
2166 2167
2167 2168
2168 2169
2169 2170
2170 2171
2171 2172
2172 2173
2173 2174
2174 2175
2175 2176
2176 2177
2177 2178
2178 2179
2179 2180
2180 2181
2181 2182
2182 2183
2183 2184
2184 2185
2185 2186
2186 2187
2187 2188
2188 2189
2189 2190
2190 2191
2191 2192
2192 2193
2193 2194
2194 2195
2195 2196
2196 2197
2197 2198
2198 2199
2199 2200
2200 2201
2201 2202
2202 2203
2203 2204
2204 2205
2205 2206
2206 2207
2207 2208
2208 2209
2209 2210
2210 2211
2211 2212
2212 2213
2213 2214
2214 2215
2215 2216
2216 2217
2217 2218
2218 2219
2219 2220
2220 2221
2221 2222
2222 2223
2223 2224
2224 2225
2225 2226
2226 2227
2227 2228
2228 2229
2229 2230
2230 2231
2231 2232
2232 2233
2233 2234
2234 2235
2235 2236
2236 2237
2237 2238
2238 2239
2239 2240
2240 2241
2241 2242
2242 2243
2243 2244
2244 2245
2245 2246
2246 2247
2247 2248
2248 2249
2249 2250
2250 2251
2251 2252
2252 2253
2253 2254
2254 2255
2255 2256
2256 2257
2257 2258
2258 2259
2259 2260
2260 2261
2261 2262
2262 2263
2263 2264
2264 2265
2265 2266
2266 2267
2267 2268
2268 2269
2269 2270
2270 2271
2271 2272
2272 2273
2273 2274
2274 2275
2275 2276
2276 2277
2277 2278
2278 2279
2279 2280
2280 2281
2281 2282
2282 2283
2283 2284
2284 2285
2285 2286
2286 2287
2287 2288
2288 2289
2289 2290
2290 2291
2291 2292
2292 2293
2293 2294
2294 2295
2295 2296
2296 2297
2297 2298
2298 2299
2299 2300
2300 2301
2301 2302
2302 2303
2303 2304
2304 2305
2305 2306
2306 2307
2307 2308
2308 2309
2309 2310
2310 2311
2311 2312
2312 2313
2313 2314
2314 2315
2315 2316
2316 2317
2317 2318
2318 2319
2319 2320
2320 2321
2321 2322
2322 2323
2323 2324
2324 2325
2325 2326
2326 2327
2327 2328
2328 2329
2329 2330
2330 2331
2331 2332
2332 2333
2333 2334
2334 2335
2335 2336
2336 2337
2337 2338
2338 2339
2339 2340
2340 2341
2341 2342
2342 2343
2343 2344
2344 2345
2345 2346
2346 2347
2347 2348
2348 2349
2349 2350
2350 2351
2351 2352
2352 2353
2353 2354
2354 2355
2355 2356
2356 2357
2358 2359
2359 2360
2360 2361
2361 2362
2362 2363
2363 2364
2365 2366
2366 2367
2367 2368
2368 2369
2369 2370
2370 2371
2371 2372
2372 2373
2373 2374
2374 2375
2375 2376
2376 2377
2377 2378
2378 2379
2379 2380
2380 2381
2381 2382
2382 2383
2383 2384
2384 2385
2385 2386
2386 2387
2387 2388
2388 2389
2389 2390
2390 2391
2391 2392
2392 2393
2393 2394
2394 2395
2395 2396
2396 2397
2397 2398
2398 2399
2399 2400
2400 2401
2401 2402
2402 2403
2403 2404
2404 2405
2405 2406
2406 2407
2407 2408
2408 2409
2409 2410
2410 2411
2411 2412
2412 2413
2413 2414
2414 2415
2415 2416
2416 2417
2417 2418
2418 2419
2419 2420
2420 2421
2421 2422
2422 2423
2423 2424
2424 2425
2425 2426
2426 2427
2427 2428
2428 2429
2429 2430
2430 2431
2431 2432
2432 2433
2433 2434
2434 2435
2435 2436
2436 2437
2437 2438
2438 2439
2439 2440
2440 2441
2441 2442
2442 2443
2443 2444
2444 2445
2445 2446
2446 2447
2447 2448
2448 2449
2449 2450
2450 2451
2451 2452
2452 2453
2453 2454
2454 2455
2455 2456
2456 2457
2457 2458
2458 2459
2459 2460
2460 2461
2461 2462
2462 2463
2463 2464
2464 2465
2465 2466
2466 2467
2467 2468
2468 2469
2469 2470
2470 2471
2471 2472
2472 2473
2473 2474
2474 2475
2475 2476
2476 2477
2477 2478
2478 2479
2479 2480
2480 2481
2481 2482
2482 2483
2483 2484
2484 2485
2485 2486
2486 2487
2487 2488
2488 2489
2489 2490
2490 2491
2491 2492
2492 2493
2493 2494
2494 2495
2495 2496
2496 2497
2497 2498
2498 2499
2499 2500
2500 2501
2501 2502
2502 2503
2503 2504
2504 2505
2505 2506
2506 2507
2507 2508
2508 2509
2509 2510
2510 2511
2511 2512
2512 2513
2513 2514
2514 2515
2515 2516
2516 2517
2517 2518
2518 2519
2519 2520
2520 2521
2521 2522
2522 2523
2523 2524
2524 2525
2525 2526
2526 2527
2527 2528
2528 2529
2529 2530
2530 2531
2531 2532
2532 2533
2533 2534
2534 2535
2535 2536
2536 2537
2537 2538
2538 2539
2539 2540
2540 2541
2541 2542
2542 2543
2543 2544
2544 2545
2545 2546
2546 2547
2547 2548
2548 2549
2549 2550
2550 2551
2551 2552
2552 2553
2553 2554
2554 2555
2555 2556
2556 2557
2557 2558
2558 2559
2559 2560
2560 2561
2561 2562
2562 2563
2563 2564
2564 2565
2565 2566
2566 2567
2567 2568
2568 2569
2569 2570
2570 2571
2571 2572
2572 2573
2573 2574
2574 2575
2575 2576
2576 2577
2577 2578
2578 2579
2579 2580
2580 2581
2581 2582
2582 2583
2583 2584
2584 2585
2585 2586
2586 2587
2587 2588
2588 2589
2589 2590
2590 2591
2591 2592
2592 2593
2593 2594
2594 2595
2595 2596
2596 2597
2597 2598
2598 2599
2599 2600
2600 2601
2601 2602
2602 2603
2603 2604
2604 2605
2605 2606
2606 2607
2607 2608
2608 2609
2609 2610
2610 2611
2611 2612
2612 2613
2613 2614
2614 2615
2615 2616
2616 2617
2617 2618
2618 2619
2619 2620
2620 2621
2621 2622
2622 2623
2623 2624
2624 2625
2625 2626
2626 2627
2627 2628
2628 2629
2629 2630
2630 2631
2631 2632
2632 2633
2633 2634
2634 2635
2635 2636
2636 2637
2637 2638
2638 2639
2639 2640
2640 2641
2641 2642
2642 2643
2643 2644
2644 2645
2645 2646
2646 2647
2647 2648
2648 2649
2649 2650
2650 2651
2651 2652
2652 2653
2653 2654
2654 2655
2655 2656
2656 2657
2657 2658
2658 2659
2659 2660
2660 2661
2661 2662
2662 2663
2663 2664
2664 2665
2665 2666
2666 2667
2667 2668
2668 2669
2669 2670
2670 2671
2671 2672
2672 2673
2673 2674
2674 2675
2675 2676
2676 2677
2677 2678
2678 2679
2679 2680
2680 2681
2681 2682
2682 2683
2683 2684
2684 2685
2685 2686
2686 2687
2687 2688
2688 2689
2689 2690
2690 2691
2691 2692
2692 2693
2693 2694
2694 2695
2695 2696
2696 2697
2697 2698
2698 2699
2699 2700
2700 2701
2701 2702
2702 2703
2703 2704
2704 2705
2705 2706
2706 2707
2707 2708
2708 2709
2709 2710
2710 2711
2711 2712
2712 2713
2713 2714
2714 2715
2715 2716
2716 2717
2717 2718
2718 2719
2719 2720
2720 2721
2721 2722
2722 2723
2723 2724
2724 2725
2725 2726
2726 2727
2727 2728
2728 2729
2729 2730
2730 2731
2731 2732
2732 2733
2733 2734
2734 2735
2735 2736
2736 2737
2737 2738
2738 2739
2739 2740
2740 2741
2741 2742
2742 2743
2743 2744
2744 2745
2745 2746
2746 2747
2747 2748
2748 2749
2749 2750
2750 2751
2751 2752
2752 2753
2753 2754
2754 2755
2755 2756
2756 2757
2757 2758
2758 2759
2759 2760
2760 2761
2761 2762
2762 2763
2763 2764
2764 2765
2765 2766
2766 2767
2767 2768
2768 2769
2769 2770
2770 2771
2771 2772
2772 2773
2773 2774
2774 2775
2775 2776
2776 2777
2777 2778
2778 2779
2779 2780
2780 2781
2781 2782
2782 2783
2783 2784
2784 2785
2785 2786
2786 2787
2787 2788
2788 2789
2789 2790
2790 2791
2791 2792
2792 2793
2793 2794
2794 2795
2795 2796
2796 2797
2797 2798
2798 2799
2799 2800
2800 2801
2801 2802
2802 2803
2803 2804
2804 2805
2805 2806
2806 2807
2807 2808
2808 2809
2809 2810
2810 2811
2811 2812
2812 2813
2813 2814
2814 2815
2815 2816
2816 2817
2817 2818
2818 2819
2819 2820
2820 2821
2821 2822
2822 2823
2823 2824
2824 2825
2825 2826
2826 2827
2827 2828
2828 2829
2829 2830
2830 2831
2831 2832
2832 2833
2833 2834
2834 2835
2835 2836
2836 2837
2837 2838
2838 2839
2839 2840
2840 2841
2841 2842
2842 2843
2843 2844
2844 2845
2845 2846
2846 2847
2847 2848
2848 2849
2849 2850
2850 2851
2851 2852
2852 2853
2853 2854
2854 2855
2855 2856
2856 2857
2857 2858
2858 2859
2859 2860
2860 2861
2861 2862
2862 2863
2863 2864
2864 2865
2865 2866
2866 2867
2867 2868
2868 2869
2869 2870
2870 2871
2871 2872
2872 2873
2873 2874
2874 2875
2875 2876
2876 2877
2877 2878
2878 2879
2879 2880
2880 2881
2881 2882
2882 2883
2883 2884
2884 2885
2885 2886
2886 2887
2887 2888
2888 2889
2889 2890
2890 2891
2891 2892
2892 2893
2893 2894
2894 2895
2895 2896
2896 2897
2897 2898
2898 2899
2899 2900
2900 2901
2901 2902
2902 2903
2903 2904
2904 2905
2905 2906
2906 2907
2907 2908
2908 2909
2909 2910
2910 2911
2911 2912
2912 2913
2913 2914
2914 2915
2915 2916
2916 2917
2917 2918
2918 2919
2919 2920
2920 2921
2921 2922
2922 2923
2923 2924
2924 2925
2925 2926
2926 2927
2927 2928
2928 2929
2929 2930
2930 2931
2931 2932
2932 2933
2933 2934
2934 2935
2935 2936
2936 2937
2937 2938
2938 2939
2939 2940
2940 2941
2941 2942
2942 2943
2943 2944
2944 2945
2945 2946
2946 2947
2947 2948
2948 2949
2949 2950
2950 2951
2951 2952
2952 2953
2953 2954
2954 2955
2955 2956
2956 2957
2957 2958
2958 2959
2959 2960
2960 2961
2961 2962
2962 2963
2963 2964
2964 2965
2965 2966
2966 2967
2967 2968
2968 2969
2969 2970
2970 2971
2971 2972
2972 2973
2973 2974
2974 2975
2975 2976
2976 2977
2977 2978
2978 2979
2979 2980
2980 2981
2981 2982
2982 2983
2983 2984
2984 2985
2985 2986
2986 2987
2987 2988
2988 2989
2989 2990
2990 2991
2991 2992
2992 2993
2993 2994
2994 2995
2995 2996
2996 2997
2997 2998
2998 2999
2999 3000
3000 3001
3001 3002
3002 3003
3003 3004
3004 3005
3005 3006
3006 3007
3007 3008
3008 3009
3009 3010
3010 3011
3011 3012
3012 3013
3013 3014
3014 3015
3015 3016
3016 3017
3017 3018
3018 3019
3019 3020
3020 3021
3021 3022
3022 3023
3023 3024
3024 3025
3025 3026
3026 3027
3027 3028
3028 3029
3029 3030
3030 3031
3031 3032
3032 3033
3033 3034
3034 3035
3035 3036
3036 3037
3037 3038
3038 3039
3039 3040
3040 3041
3041 3042
3042 3043
3043 3044
3044 3045
3045 3046
3046 3047
3047 3048
3048 3049
3049 3050
3050 3051
3051 3052
3052 3053
3053 3054
3054 3055
3055 3056
3056 3057
3057 3058
3058 3059
3059 3060
3060 3061
3061 3062
3062 3063
3063 3064
3064 3065
3065 3066
3066 3067
3067 3068
3068 3069
3069 3070
3070 3071
3071 3072
3072 3073
3073 3074
3074 3075
3075 3076
3076 3077
3077 3078
3078 3079
3079 3080
3080 3081
3081 3082
3082 3083
3083 3084
3084 3085
3085 3086
3086 3087
3087 3088
3088 3089
3089 3090
3090 3091
3091 3092
3092 3093
3093 3094
3094 3095
3095 3096
3096 3097
3097 3098
3098 3099
3099 3100
3100 3101
3101 3102
3102 3103
3103 3104
3104 3105
3105 3106
3106 3107
3107 3108
3108 3109
3109 3110
3110 3111
3111 3112
3112 3113
3113 3114
3114 3115
3115 3116
3116 3117
3117 3118
3118 3119
3119 3120
3120 3121
3121 3122
3122 3123
3123 3124
3124 3125
3125 3126
3126 3127
3127 3128
3128 3129
3129 3130
3130 3131
3131 3132
3132 3133
3133 3134
3134 3135
3135 3136
3136 3137
3137 3138
3138 3139
3139 3140
3140 3141
3141 3142
3142 3143
3143 3144
3144 3145
3145 3146
3146 3147
3147 3148
3148 3149
3149 3150
3150 3151
3151 3152
3152 3153
3153 3154
3154 3155
3155 3156
3156 3157
3157 3158
3158 3159
3159 3160
3160 3161
3161 3162
3162 3163
3163 3164
3164 3165
3165 3166
3166 3167
3167 3168
3168 3169
3169 3170
3170 3171
3171 3172
3172 3173
3173 3174
3174 3175
3175 3176
3176 3177
3177 3178
3178 3179
3179 3180
3180 3181
3181 3182
3182 3183
3183 3184
3184 3185
3185 3186
3186 3187
3187 3188
3188 3189
3189 3190
3190 3191
3191 3192
3192 3193
3193 3194
3194 3195
3195 3196
3196 3197
3197 3198
3198 3199
3199 3200
3200 3201
3201 3202
3202 3203
3203 3204
3204 3205
3205 3206
3206 3207
3207 3208
3208 3209
3209 3210
3210 3211
3211 3212
3212 3213
3213 3214
3214 3215
3215 3216
3216 3217
3217 3218
3218 3219
3219 3220
3220 3221
3221 3222
3222 3223
3223 3224
3224 3225
3225 3226
3226 3227
3227 3228
3228 3229
3229 3230
3230 3231
3231 3232
3232 3233
3233 3234
3234 3235
3235 3236
3236 3237
3237 3238
3238 3239
3239 3240
3240 3241
3241 3242
3242 3243
3243 3244
3244 3245
3245 3246
3246 3247
3247 3248
3248 3249
3249 3250
3250 3251
3251 3252
3252 3253
3253 3254
3254 3255
3255 3256
3256 3257
3257 3258
3258 3259
3259 3260
3260 3261
3261 3262
3262 3263
3263 3264
3264 3265
3265 3266
3266 3267
3267 3268
3268 3269
3269 3270
3270 3271
3271 3272
3272 3273
3273 3274
3274 3275
3275 3276
3276 3277
3277 3278
3278 3279
3279 3280
3280 3281
3281 3282
3282 3283
3283 3284
3284 3285
3285 3286
3286 3287
3287 3288
3288 3289
3289 3290
3290 3291
3291 3292
3292 3293
3293 3294
3294 3295
3295 3296
3296 3297
3297 3298
3298 3299
3299 3300
3300 3301
3302 3303
3303 3304
3304 3305
3305 3306
3306 3307
3307 3308
3308 3309
3309 3310
3310 3311
3311 3312
3312 3313
3313 3314
3314 3315
3315 3316
3316 3317
3317 3318
3318 3319
3319 3320
3320 3321
3321 3322
3322 3323
3323 3324
3324 3325
3325 3326
3326 3327
3327 3328
3328 3329
3329 3330
3330 3331
3331 3332
3332 3333
3333 3334
3334 3335
3335 3336
3336 3337
3337 3338
3338 3339
3339 3340
3340 3341
3341 3342
3342 3343
3343 3344
3344 3345
3345 3346
3346 3347
3347 3348
3348 3349
3349 3350
3350 3351
3351 3352
3352 3353
3353 3354
3354 3355
3355 3356
3356 3357
3357 3358
3358 3359
3359 3360
3360 3361
3361 3362
3362 3363
3363 3364
3364 3365
3365 3366
3366 3367
3367 3368
3368 3369
3369 3370
3370 3371
3371 3372
3372 3373
3373 3374
3374 3375
3375 3376
3376 3377
3377 3378
3378 3379
3379 3380
3380 3381
3381 3382
3382 3383
3383 3384
3384 3385
3385 3386
3386 3387
3387 3388
3388 3389
3389 3390
3390 3391
3391 3392
3392 3393
3393 3394
3394 3395
3395 3396
3396 3397
3397 3398
3398 3399
3399 3400
3400 3401
3401 3402
3402 3403
3403 3404
3404 3405
3405 3406
3406 3407
3407 3408
3408 3409
3409 3410
3410 3411
3411 3412
3412 3413
3413 3414
3414 3415
3415 3416
3416 3417
3417 3418
3418 3419
3419 3420
3420 3421
3421 3422
3422 3423
3423 3424
3424 3425
3425 3426
3426 3427
3427 3428
3428 3429
3429 3430
3430 3431
3431 3432
3432 3433
3433 3434
3434 3435
3435 3436
3436 3437
3437 3438
3438 3439
3439 3440
3440 3441
3441 3442
3442 3443
3443 3444
3444 3445
3445 3446
3446 3447
3447 3448
3448 3449
3449 3450
3450 3451
3451 3452
3452 3453
3453 3454
3454 3455
3455 3456
3456 3457
3457 3458
3458 3459
3459 3460
3460 3461
3461 3462
3462 3463
3463 3464
3464 3465
3465 3466
3466 3467
3467 3468
3468 3469
3469 3470
3470 3471
3471 3472
3472 3473
3473 3474
3474 3475
3475 3476
3476 3477
3477 3478
3478 3479
3479 3480
3480 3481
3481 3482
3482 3483
3483 3484
3484 3485
3485 3486
3486 3487
3487 3488
3488 3489
3489 3490
3490 3491
3491 3492
3492 3493
3493 3494
3494 3495
3495 3496
3496 3497
3497 3498
3498 3499
3499 3500
3500 3501
3501 3502
3502 3503
3503 3504
3504 3505
3505 3506
3506 3507
3507 3508
3508 3509
3509 3510
3510 3511
3511 3512
3512 3513
3513 3514
3514 3515
3515 3516
3516 3517
3517 3518
3518 3519
3519 3520
3520 3521
3521 3522
3522 3523
3523 3524
3524 3525
3525 3526
3526 3527
3527 3528
3528 3529
3529 3530
3530 3531
3531 3532
3532 3533
3533 3534
3534 3535
3535 3536
3536 3537
3537 3538
3538 3539
3539 3540
3540 3541
3541 3542
3542 3543
3543 3544
3544 3545
3545 3546
3546 3547
3547 3548
3548 3549
3549 3550
3550 3551
3551 3552
3552 3553
3553 3554
3554 3555
3555 3556
3556 3557
3557 3558
3558 3559
3559 3560
3560 3561
3561 3562
3562 3563
3563 3564
3564 3565
3565 3566
3566 3567
3567 3568
3568 3569
3569 3570
3570 3571
3572 3573
3573 3574
3574 3575
3575 3576
3576 3577
3577 3578
3578 3579
3579 3580
3580 3581
3581 3582
3582 3583
3583 3584
3584 3585
3585 3586
3586 3587
3587 3588
3588 3589
3589 3590
3590 3591
3591 3592
3592 3593
3593 3594
3594 3595
3595 3596
3596 3597
3597 3598
3598 3599
3599 3600
3600 3601
3601 3602
3602 3603
3603 3604
3604 3605
3605 3606
3606 3607
3607 3608
3608 3609
3609 3610
3610 3611
3611 3612
3612 3613
3613 3614
3614 3615
3615 3616
3616 3617
3617 3618
3618 3619
3619 3620
3620 3621
3621 3622
3622 3623
3623 3624
3624 3625
3625 3626
3626 3627
3627 3628
3628 3629
3629 3630
3630 3631
3631 3632
3632 3633
3633 3634
3634 3635
3635 3636
3636 3637
3637 3638
3638 3639
3639 3640
3640 3641
3641 3642
3642 3643
3643 3644
3644 3645
3645 3646
3646 3647
3647 3648
3648 3649
3649 3650
3650 3651
3651 3652
3652 3653
3653 3654
3654 3655
3655 3656
3656 3657
3657 3658
3658 3659
3659 3660
3660 3661
3661 3662
3662 3663
3663 3664
3664 3665
3665 3666
3666 3667
3667 3668
3668 3669
3669 3670
3670 3671
3671 3672
3672 3673
3673 3674
3674 3675
3675 3676
3676 3677
3677 3678
3678 3679
3679 3680
3680 3681
3681 3682
3682 3683
3683 3684
3684 3685
3685 3686
3686 3687
3687 3688
3688 3689
3689 3690
3690 3691
3691 3692
3692 3693
3693 3694
3694 3695
3695 3696
3696 3697
3697 3698
3698 3699
3699 3700
3700 3701
3701 3702
3702 3703
3703 3704
3704 3705
3705 3706
3706 3707
3707 3708
3708 3709
3709 3710
3710 3711
3711 3712
3712 3713
3713 3714
3714 3715
3715 3716
3716 3717
3717 3718
3718 3719
3719 3720
3720 3721
3721 3722
3722 3723
3723 3724
3724 3725
3725 3726
3726 3727
3727 3728
3728 3729
3729 3730
3730 3731
3731 3732
3732 3733
3733 3734
3734 3735
3735 3736
3736 3737
3737 3738
3738 3739
3739 3740
3740 3741
3741 3742
3742 3743
3743 3744
3744 3745
3745 3746
3746 3747
3747 3748
3748 3749
3749 3750
3750 3751
3751 3752
3752 3753
3753 3754
3754 3755
3755 3756
3756 3757
3757 3758
3758 3759
3759 3760
3760 3761
3761 3762
3762 3763
3763 3764
3764 3765
3765 3766
3766 3767
3767 3768
3768 3769
3769 3770
3770 3771
3771 3772
3772 3773
3773 3774
3774 3775
3775 3776
3776 3777
3777 3778
3778 3779
3779 3780
3780 3781
3781 3782
3782 3783
3783 3784
3784 3785
3785 3786
3786 3787
3787 3788
3788 3789
3789 3790
3790 3791
3791 3792
3792 3793
3793 3794
3794 3795
3795 3796
3796 3797
3797 3798
3798 3799
3799 3800
3800 3801
3801 3802
3802 3803
3803 3804
3804 3805
3805 3806
3806 3807
3807 3808
3808 3809
3809 3810
3810 3811
3811 3812
3812 3813
3813 3814
3814 3815
3815 3816
3816 3817
3817 3818
3818 3819
3819 3820
3820 3821
3821 3822
