1532
266 40
266 41
268 41
268 40
187 34
187 44
186 45
184 45
184 61
183 62
181 62
181 78
180 79
178 79
178 81
177 82
176 82
176 104
175 105
173 105
173 107
175 107
176 108
176 115
180 115
181 116
181 118
183 118
184 119
184 121
186 121
187 122
187 429
186 430
142 430
142 432
141 433
139 433
139 435
138 436
133 436
133 438
132 439
130 439
130 441
129 442
127 442
127 443
126 444
122 444
122 446
121 447
116 447
116 449
115 450
113 450
113 455
112 456
110 456
110 460
109 461
108 461
108 463
107 464
105 464
105 466
104 467
102 467
102 472
101 473
99 473
99 480
98 481
96 481
96 483
95 484
93 484
93 537
95 537
96 538
96 545
98 545
99 546
99 557
101 557
102 558
102 565
104 565
105 566
105 574
107 574
108 575
108 579
107 580
105 580
105 582
104 583
102 583
102 585
101 586
99 586
99 588
98 589
96 589
96 591
95 592
93 592
93 594
92 595
91 595
91 596
90 597
88 597
88 599
87 600
85 600
85 602
84 603
82 603
82 605
81 606
76 606
76 608
75 609
74 609
74 613
73 614
71 614
71 616
70 617
68 617
68 619
67 620
65 620
65 622
64 623
62 623
62 625
61 626
57 626
57 630
56 631
54 631
54 633
53 634
48 634
48 636
47 637
45 637
45 644
44 645
42 645
42 653
41 654
40 654
40 659
39 660
37 660
37 676
36 677
34 677
34 681
33 682
31 682
31 695
30 696
28 696
28 707
30 707
31 708
31 718
33 718
34 719
34 724
36 724
37 725
37 744
39 744
40 745
40 746
41 746
42 747
42 758
44 758
45 759
45 766
47 766
48 767
48 769
50 769
51 770
51 772
53 772
54 773
54 775
56 775
57 776
57 778
58 778
59 779
59 780
64 780
65 781
65 783
67 783
68 784
68 786
73 786
74 787
74 792
75 792
76 793
76 795
81 795
82 796
82 800
84 800
85 801
85 803
90 803
91 804
91 806
92 806
93 807
93 812
98 812
99 813
99 814
104 814
105 815
105 817
107 817
108 818
108 820
109 820
110 821
110 823
112 823
113 824
113 826
118 826
119 827
119 829
126 829
126 827
127 826
129 826
130 827
130 829
296 829
296 827
297 826
302 826
302 821
303 820
308 820
308 818
309 817
311 817
311 815
312 814
313 814
313 813
314 812
319 812
319 810
320 809
322 809
322 807
323 806
325 806
325 804
326 803
328 803
328 801
329 800
330 800
330 798
331 797
333 797
333 796
334 795
336 795
336 793
337 792
339 792
339 790
340 789
342 789
342 787
343 786
345 786
345 784
346 783
347 783
347 781
348 780
356 780
356 776
357 775
362 775
362 773
363 772
364 772
364 770
365 769
367 769
367 767
368 766
370 766
370 759
371 758
373 758
373 747
374 746
376 746
376 745
377 744
379 744
379 730
380 729
381 729
381 728
380 728
379 727
379 725
380 724
381 724
381 719
382 718
384 718
384 708
385 707
387 707
387 694
385 694
384 693
384 682
382 682
381 681
381 671
380 671
379 670
379 657
377 657
376 656
376 651
374 651
373 650
373 643
371 643
370 642
370 640
368 640
367 639
367 637
365 637
364 636
364 631
360 631
359 630
359 629
357 629
356 628
356 626
354 626
353 625
353 623
351 623
350 622
350 620
348 620
347 619
347 617
346 617
345 616
345 614
343 614
342 613
342 612
340 612
339 611
339 609
337 609
336 608
336 606
331 606
330 605
330 600
329 600
328 599
328 597
326 597
325 596
325 595
323 595
322 594
322 592
320 592
319 591
319 589
317 589
316 588
316 586
314 586
313 585
313 583
312 583
311 582
311 580
309 580
308 579
308 578
306 578
305 577
305 575
306 574
308 574
308 572
309 571
311 571
311 566
312 565
313 565
313 555
314 554
316 554
316 549
317 548
319 548
319 538
320 537
322 537
322 484
320 484
319 483
319 478
317 478
316 477
316 473
314 473
313 472
313 467
312 467
311 466
311 464
309 464
308 463
308 461
306 461
305 460
305 459
303 459
302 458
302 450
300 450
299 449
299 447
295 447
294 446
294 444
289 444
288 443
288 442
286 442
285 441
285 439
283 439
282 438
282 436
278 436
277 435
277 433
275 433
274 432
274 430
229 430
228 429
228 125
229 124
231 124
231 119
232 118
234 118
234 116
235 115
237 115
237 113
238 112
243 112
243 99
241 99
240 98
240 96
238 96
237 95
237 62
232 62
231 61
231 42
229 42
228 41
228 34
175 691
176 690
180 690
180 688
181 687
183 687
184 688
184 690
194 690
194 688
195 687
200 687
201 688
201 690
206 690
206 688
207 687
209 687
210 688
210 690
217 690
217 688
218 687
220 687
221 688
221 690
226 690
226 688
227 687
228 687
229 688
229 690
231 690
231 688
232 687
234 687
235 688
235 690
237 690
238 691
238 698
237 699
235 699
235 701
234 702
178 702
177 701
177 699
176 699
175 698
201 642
203 642
204 643
204 644
206 644
207 645
207 653
206 654
204 654
204 656
206 656
207 657
207 681
206 682
204 682
204 684
203 685
201 685
200 684
200 682
198 682
197 681
197 654
198 653
200 653
200 648
198 648
197 647
197 645
198 644
200 644
200 643
212 639
214 639
215 640
215 684
214 685
210 685
209 684
209 643
210 642
211 642
211 640
209 634
210 633
211 633
212 634
212 636
211 637
210 637
209 636
200 639
200 634
201 633
206 633
207 634
207 636
206 637
204 637
204 639
203 640
201 640
211 631
212 630
214 630
215 631
215 633
214 634
212 634
211 633
189 631
190 630
192 630
193 631
193 633
192 634
190 634
189 633
220 633
220 629
221 628
226 628
227 629
227 630
226 631
224 631
224 633
223 634
221 634
186 629
187 628
189 628
190 629
190 630
189 631
187 631
186 630
180 626
181 625
183 625
184 626
184 628
183 629
181 629
180 628
231 623
232 622
234 622
235 623
235 625
234 626
232 626
231 625
175 623
176 622
180 622
181 623
181 625
180 626
176 626
175 625
237 617
238 616
240 616
241 617
241 619
240 620
238 620
237 619
244 605
245 605
246 606
246 611
245 612
244 612
243 611
243 606
163 606
164 605
166 605
167 606
167 608
169 608
170 609
170 611
169 612
164 612
163 611
245 597
246 596
248 596
249 597
249 599
248 600
246 600
245 599
160 597
161 596
166 596
167 597
167 599
166 600
161 600
160 599
248 586
249 585
251 585
252 586
252 588
251 589
249 589
248 588
160 586
161 585
166 585
167 586
167 591
166 592
161 592
160 591
243 575
244 574
245 574
246 575
246 577
245 578
244 578
243 577
164 571
166 571
167 572
167 577
166 578
164 578
163 577
163 572
170 565
172 565
173 566
173 571
172 572
170 572
169 571
169 566
238 562
240 562
241 563
241 568
240 569
238 569
237 568
237 563
221 562
223 562
224 563
224 565
231 565
232 566
232 568
234 568
235 569
235 571
237 571
238 572
238 577
240 577
241 578
241 588
243 588
244 589
244 594
243 595
241 595
241 605
240 606
238 606
238 608
237 609
235 609
235 613
234 614
232 614
232 619
231 620
227 620
227 622
226 623
224 623
224 625
223 626
221 626
220 625
220 563
214 560
215 561
215 625
214 626
212 626
212 628
211 629
210 629
209 628
209 561
210 560
201 560
203 560
204 561
204 562
206 562
207 563
207 619
206 620
204 620
204 628
203 629
201 629
200 628
200 614
198 614
197 613
197 612
198 611
200 611
200 569
198 569
197 568
197 566
198 565
200 565
200 561
190 560
194 560
195 561
195 625
194 626
190 626
189 625
189 623
187 623
186 622
186 620
181 620
180 619
180 617
176 617
175 616
175 609
173 609
172 608
172 606
170 606
169 605
169 583
170 582
172 582
172 578
173 577
175 577
175 572
176 571
177 571
177 569
178 568
180 568
180 566
181 565
183 565
183 563
184 562
189 562
189 561
228 558
229 557
231 557
232 558
232 560
231 561
229 561
228 560
220 555
221 554
223 554
224 555
224 557
223 558
221 558
220 557
212 548
214 548
215 549
215 554
214 555
210 555
209 554
209 552
210 551
211 551
211 549
212 432
214 432
215 433
215 545
214 546
210 546
209 545
209 436
210 435
211 435
211 433
201 432
203 432
204 433
204 435
206 435
207 436
207 543
206 544
204 544
204 545
203 546
201 546
200 545
200 532
198 532
197 531
197 529
198 528
200 528
200 507
198 507
197 506
197 501
198 500
200 500
200 459
198 459
197 458
197 456
198 455
200 455
200 444
198 444
197 443
197 442
198 441
200 441
200 433
142 432
194 432
195 433
195 477
197 477
198 478
198 486
197 487
195 487
195 545
194 546
193 546
193 548
192 549
184 549
184 551
183 552
181 552
181 554
180 555
173 555
173 557
172 558
170 558
170 560
169 561
167 561
167 565
166 566
164 566
164 571
163 572
161 572
161 574
160 575
159 575
159 605
160 605
161 606
161 611
163 611
164 612
164 616
166 616
167 617
167 622
169 622
170 623
170 628
175 628
176 629
176 630
180 630
181 631
181 633
183 633
184 634
184 636
189 636
190 637
190 639
194 639
195 640
195 684
194 685
173 685
173 704
240 704
240 685
221 685
220 684
220 640
221 639
223 639
223 637
224 636
228 636
228 634
229 633
231 633
231 631
232 630
237 630
237 629
238 628
240 628
240 626
241 625
243 625
243 623
244 622
245 622
245 617
246 616
248 616
248 612
249 611
251 611
251 606
252 605
254 605
254 597
255 596
257 596
257 586
255 586
254 585
254 575
252 575
251 574
251 572
249 572
248 571
248 569
246 569
245 568
245 563
244 563
243 562
243 558
238 558
237 557
237 555
232 555
231 554
231 552
227 552
226 551
226 549
221 549
220 548
220 433
221 432
274 432
275 433
275 438
282 438
283 439
283 441
285 441
286 442
286 446
291 446
292 447
292 449
296 449
297 450
297 455
299 455
300 456
300 458
302 458
303 459
303 463
305 463
306 464
306 466
308 466
309 467
309 472
311 472
312 473
312 477
313 477
314 478
314 480
316 480
317 481
317 489
319 489
320 490
320 534
319 535
317 535
317 543
316 544
314 544
314 548
313 549
312 549
312 557
311 558
309 558
309 565
308 566
306 566
306 571
305 572
303 572
303 579
305 579
306 580
306 582
308 582
309 583
309 585
311 585
312 586
312 588
313 588
314 589
314 591
316 591
317 592
317 594
319 594
320 595
320 596
322 596
323 597
323 599
325 599
326 600
326 602
328 602
329 603
329 605
330 605
331 606
331 608
333 608
334 609
334 611
336 611
337 612
337 613
339 613
340 614
340 616
342 616
343 617
343 619
347 619
348 620
348 622
350 622
351 623
351 628
353 628
354 629
354 630
356 630
357 631
357 633
359 633
360 634
360 636
364 636
365 637
365 639
367 639
368 640
368 644
370 644
371 645
371 659
373 659
374 660
374 670
376 670
377 671
377 681
379 681
380 682
380 695
381 695
382 696
382 698
384 698
385 699
385 704
384 705
382 705
382 707
381 708
380 708
380 721
379 722
377 722
377 732
376 733
374 733
374 744
373 745
371 745
371 755
370 756
368 756
368 763
367 764
365 764
365 766
364 767
363 767
363 769
362 770
360 770
360 772
359 773
357 773
357 775
356 776
354 776
354 778
353 779
348 779
348 780
347 781
343 781
343 783
342 784
340 784
340 786
339 787
337 787
337 789
336 790
334 790
334 792
333 793
331 793
331 795
330 796
329 796
329 797
328 798
326 798
326 800
325 801
323 801
323 803
322 804
320 804
320 806
319 807
317 807
317 809
316 810
309 810
309 814
308 815
303 815
303 817
302 818
300 818
300 820
299 821
297 821
297 823
296 824
116 824
115 823
115 821
113 821
112 820
112 818
108 818
107 817
107 815
105 815
104 814
104 810
102 810
101 809
101 807
93 807
92 806
92 804
91 804
90 803
90 801
88 801
87 800
87 798
85 798
84 797
84 796
82 796
81 795
81 790
76 790
75 789
75 787
74 787
73 786
73 784
71 784
70 783
70 781
68 781
67 780
67 779
62 779
61 778
61 776
59 776
58 775
58 773
57 773
56 772
56 770
54 770
53 769
53 767
51 767
50 766
50 764
48 764
47 763
47 756
45 756
44 755
44 742
42 742
41 741
41 730
40 730
39 729
39 722
37 722
36 721
36 708
34 708
33 707
33 702
31 702
30 701
30 696
31 695
33 695
33 694
34 693
36 693
36 682
37 681
39 681
39 668
40 667
41 667
41 657
42 656
44 656
44 645
45 644
47 644
47 643
48 642
50 642
50 637
51 636
53 636
53 634
54 633
56 633
56 631
57 630
61 630
61 626
62 625
64 625
64 623
65 622
70 622
70 617
71 616
75 616
75 614
76 613
78 613
78 612
79 611
81 611
81 609
82 608
84 608
84 606
85 605
87 605
87 603
88 602
90 602
90 600
91 599
92 599
92 597
93 596
95 596
95 595
96 594
98 594
98 592
99 591
101 591
101 589
102 588
104 588
104 586
105 585
107 585
107 583
108 582
109 582
109 580
110 579
112 579
112 575
110 575
109 574
109 566
108 566
107 565
107 558
105 558
104 557
104 546
102 546
101 545
101 544
99 544
98 543
98 535
96 535
95 534
95 518
96 517
98 517
98 504
96 504
95 503
95 493
96 492
98 492
98 481
99 480
101 480
101 478
102 477
104 477
104 470
105 469
107 469
107 467
108 466
109 466
109 464
110 463
112 463
112 459
113 458
115 458
115 453
116 452
118 452
118 450
119 449
124 449
124 447
125 446
126 446
126 444
127 443
129 443
129 442
130 441
132 441
132 439
133 438
138 438
138 436
139 435
141 435
141 433
1497
0 1
1 2
2 3
4 5
5 6
6 7
7 8
8 9
9 10
10 11
11 12
12 13
13 14
14 15
15 16
16 17
17 18
18 19
19 20
20 21
21 22
22 23
23 24
24 25
25 26
26 27
27 28
28 29
29 30
30 31
31 32
32 33
33 34
34 35
35 36
36 37
37 38
38 39
39 40
40 41
41 42
42 43
43 44
44 45
45 46
46 47
47 48
48 49
49 50
50 51
51 52
52 53
53 54
54 55
55 56
56 57
57 58
58 59
59 60
60 61
61 62
62 63
63 64
64 65
65 66
66 67
67 68
68 69
69 70
70 71
71 72
72 73
73 74
74 75
75 76
76 77
77 78
78 79
79 80
80 81
81 82
82 83
83 84
84 85
85 86
86 87
87 88
88 89
89 90
90 91
91 92
92 93
93 94
94 95
95 96
96 97
97 98
98 99
99 100
100 101
101 102
102 103
103 104
104 105
105 106
106 107
107 108
108 109
109 110
110 111
111 112
112 113
113 114
114 115
115 116
116 117
117 118
118 119
119 120
120 121
121 122
122 123
123 124
124 125
125 126
126 127
127 128
128 129
129 130
130 131
131 132
132 133
133 134
134 135
135 136
136 137
137 138
138 139
139 140
140 141
141 142
142 143
143 144
144 145
145 146
146 147
147 148
148 149
149 150
150 151
151 152
152 153
153 154
154 155
155 156
156 157
157 158
158 159
159 160
160 161
161 162
162 163
163 164
164 165
165 166
166 167
167 168
168 169
169 170
170 171
171 172
172 173
173 174
174 175
175 176
176 177
177 178
178 179
179 180
180 181
181 182
182 183
183 184
184 185
185 186
186 187
187 188
188 189
189 190
190 191
191 192
192 193
193 194
194 195
195 196
196 197
197 198
198 199
199 200
200 201
201 202
202 203
203 204
204 205
205 206
206 207
207 208
208 209
209 210
210 211
211 212
212 213
213 214
214 215
215 216
216 217
217 218
218 219
219 220
220 221
221 222
222 223
223 224
224 225
225 226
226 227
227 228
228 229
229 230
230 231
231 232
232 233
233 234
234 235
235 236
236 237
237 238
238 239
239 240
240 241
241 242
242 243
243 244
244 245
245 246
246 247
247 248
248 249
249 250
250 251
251 252
252 253
253 254
254 255
255 256
256 257
257 258
258 259
259 260
260 261
261 262
262 263
263 264
264 265
265 266
266 267
267 268
268 269
269 270
270 271
271 272
272 273
273 274
274 275
275 276
276 277
277 278
278 279
279 280
280 281
281 282
282 283
283 284
284 285
285 286
286 287
287 288
288 289
289 290
290 291
291 292
292 293
293 294
294 295
295 296
296 297
297 298
298 299
299 300
300 301
301 302
302 303
303 304
304 305
305 306
306 307
307 308
308 309
309 310
310 311
311 312
312 313
313 314
314 315
315 316
316 317
317 318
318 319
319 320
320 321
321 322
322 323
323 324
324 325
325 326
326 327
327 328
328 329
329 330
330 331
331 332
332 333
333 334
334 335
335 336
336 337
337 338
338 339
339 340
340 341
341 342
342 343
343 344
344 345
345 346
346 347
347 348
348 349
349 350
350 351
351 352
352 353
353 354
354 355
355 356
356 357
357 358
358 359
359 360
360 361
361 362
362 363
363 364
364 365
365 366
366 367
367 368
368 369
369 370
370 371
371 372
372 373
373 374
374 375
375 376
376 377
377 378
378 379
379 380
380 381
381 382
382 383
383 384
384 385
385 386
386 387
387 388
388 389
389 390
390 391
391 392
392 393
393 394
394 395
395 396
396 397
397 398
398 399
399 400
400 401
401 402
402 403
403 404
404 405
405 406
406 407
407 408
408 409
409 410
410 411
411 412
412 413
413 414
414 415
415 416
416 417
417 418
418 419
419 420
420 421
421 422
422 423
423 424
424 425
425 426
426 427
427 428
428 429
429 430
430 431
431 432
432 433
433 434
434 435
435 436
436 437
437 438
438 439
439 440
440 441
441 442
442 443
443 444
444 445
445 446
446 447
447 448
448 449
449 450
450 451
451 452
452 453
453 454
454 455
455 456
456 457
457 458
458 459
459 460
460 461
461 462
462 463
463 464
464 465
465 466
466 467
467 468
468 469
469 470
470 471
471 472
472 473
473 474
474 475
475 476
476 477
477 478
478 479
479 480
480 481
481 482
482 483
483 484
484 485
485 486
486 487
487 488
488 489
489 490
490 491
491 492
492 493
493 494
494 495
495 496
496 497
497 498
498 499
499 500
500 501
501 502
503 504
504 505
505 506
506 507
507 508
508 509
509 510
510 511
511 512
512 513
513 514
514 515
515 516
516 517
517 518
518 519
519 520
520 521
521 522
522 523
523 524
524 525
525 526
526 527
527 528
528 529
529 530
530 531
531 532
532 533
533 534
534 535
535 536
536 537
537 538
538 539
539 540
540 541
541 542
542 543
543 544
544 545
545 546
546 547
547 548
548 549
549 550
550 551
551 552
553 554
554 555
555 556
556 557
557 558
558 559
559 560
560 561
561 562
562 563
563 564
564 565
565 566
566 567
567 568
568 569
569 570
570 571
571 572
572 573
573 574
574 575
575 576
576 577
577 578
578 579
579 580
580 581
581 582
582 583
583 584
585 586
586 587
587 588
588 589
589 590
590 591
591 592
592 593
593 594
594 595
596 597
597 598
598 599
599 600
600 601
601 602
602 603
604 605
605 606
606 607
607 608
608 609
609 610
610 611
611 612
612 613
613 614
615 616
616 617
617 618
618 619
619 620
620 621
621 622
623 624
624 625
625 626
626 627
627 628
628 629
629 630
631 632
632 633
633 634
634 635
635 636
636 637
637 638
638 639
639 640
640 641
642 643
643 644
644 645
645 646
646 647
647 648
648 649
650 651
651 652
652 653
653 654
654 655
655 656
656 657
658 659
659 660
660 661
661 662
662 663
663 664
664 665
666 667
667 668
668 669
669 670
670 671
671 672
672 673
674 675
675 676
676 677
677 678
678 679
679 680
680 681
682 683
683 684
684 685
685 686
686 687
687 688
688 689
690 691
691 692
692 693
693 694
694 695
695 696
696 697
697 698
698 699
699 700
701 702
702 703
703 704
704 705
705 706
706 707
707 708
709 710
710 711
711 712
712 713
713 714
714 715
715 716
717 718
718 719
719 720
720 721
721 722
722 723
723 724
725 726
726 727
727 728
728 729
729 730
730 731
731 732
733 734
734 735
735 736
736 737
737 738
738 739
739 740
741 742
742 743
743 744
744 745
745 746
746 747
747 748
749 750
750 751
751 752
752 753
753 754
754 755
755 756
757 758
758 759
759 760
760 761
761 762
762 763
763 764
765 766
766 767
767 768
768 769
769 770
770 771
771 772
772 773
773 774
774 775
775 776
776 777
777 778
778 779
779 780
780 781
781 782
782 783
783 784
784 785
785 786
786 787
787 788
788 789
789 790
790 791
791 792
792 793
793 794
794 795
795 796
796 797
797 798
798 799
799 800
800 801
801 802
802 803
803 804
804 805
806 807
807 808
808 809
809 810
810 811
811 812
812 813
813 814
814 815
815 816
817 818
818 819
819 820
820 821
821 822
822 823
823 824
824 825
825 826
826 827
827 828
828 829
829 830
830 831
831 832
832 833
833 834
834 835
835 836
836 837
837 838
838 839
839 840
840 841
841 842
843 844
844 845
845 846
846 847
847 848
848 849
849 850
850 851
851 852
852 853
853 854
854 855
855 856
856 857
857 858
858 859
859 860
860 861
861 862
862 863
863 864
864 865
865 866
866 867
867 868
868 869
869 870
870 871
871 872
872 873
873 874
874 875
875 876
876 877
877 878
878 879
879 880
880 881
881 882
882 883
884 885
885 886
886 887
887 888
888 889
889 890
890 891
892 893
893 894
894 895
895 896
896 897
897 898
898 899
900 901
901 902
902 903
903 904
904 905
905 906
906 907
907 908
908 909
909 910
911 912
912 913
913 914
914 915
915 916
916 917
917 918
918 919
919 920
920 921
922 923
923 924
924 925
925 926
926 927
927 928
928 929
929 930
930 931
931 932
932 933
933 934
934 935
935 936
936 937
937 938
938 939
939 940
940 941
941 942
942 943
943 944
944 945
945 946
946 947
947 948
948 949
949 950
950 951
951 952
952 953
953 954
954 955
955 956
956 957
957 958
958 959
960 961
961 962
962 963
963 964
964 965
965 966
966 967
967 968
968 969
969 970
970 971
971 972
972 973
973 974
974 975
975 976
976 977
977 978
978 979
979 980
980 981
981 982
982 983
983 984
984 985
985 986
986 987
987 988
988 989
989 990
990 991
991 992
992 993
993 994
994 995
995 996
996 997
997 998
998 999
999 1000
1000 1001
1001 1002
1002 1003
1003 1004
1004 1005
1005 1006
1006 1007
1007 1008
1008 1009
1009 1010
1010 1011
1011 1012
1012 1013
1013 1014
1014 1015
1015 1016
1016 1017
1017 1018
1018 1019
1019 1020
1020 1021
1021 1022
1022 1023
1023 1024
1024 1025
1025 1026
1026 1027
1027 1028
1028 1029
1029 1030
1030 1031
1031 1032
1032 1033
1033 1034
1034 1035
1035 1036
1036 1037
1037 1038
1038 1039
1039 1040
1040 1041
1041 1042
1042 1043
1043 1044
1044 1045
1045 1046
1046 1047
1047 1048
1048 1049
1049 1050
1050 1051
1051 1052
1052 1053
1053 1054
1054 1055
1055 1056
1056 1057
1057 1058
1058 1059
1059 1060
1060 1061
1061 1062
1062 1063
1063 1064
1064 1065
1065 1066
1066 1067
1067 1068
1068 1069
1069 1070
1070 1071
1071 1072
1072 1073
1073 1074
1074 1075
1075 1076
1076 1077
1077 1078
1078 1079
1079 1080
1080 1081
1081 1082
1082 1083
1083 1084
1084 1085
1085 1086
1086 1087
1087 1088
1088 1089
1089 1090
1090 1091
1091 1092
1092 1093
1093 1094
1094 1095
1095 1096
1096 1097
1097 1098
1098 1099
1099 1100
1100 1101
1101 1102
1102 1103
1103 1104
1104 1105
1105 1106
1106 1107
1107 1108
1108 1109
1109 1110
1110 1111
1111 1112
1112 1113
1113 1114
1114 1115
1115 1116
1116 1117
1117 1118
1118 1119
1119 1120
1120 1121
1121 1122
1122 1123
1123 1124
1124 1125
1125 1126
1126 1127
1127 1128
1128 1129
1129 1130
1130 1131
1131 1132
1132 1133
1133 1134
1134 1135
1135 1136
1136 1137
1137 1138
1138 1139
1139 1140
1140 1141
1141 1142
1142 1143
1143 1144
1144 1145
1145 1146
1146 1147
1147 1148
1148 1149
1149 1150
1150 1151
1151 1152
1152 1153
1153 1154
1154 1155
1155 1156
1156 1157
1157 1158
1158 1159
1159 1160
1160 1161
1161 1162
1162 1163
1163 1164
1164 1165
1165 1166
1166 1167
1167 1168
1168 1169
1169 1170
1170 1171
1171 1172
1172 1173
1173 1174
1174 1175
1175 1176
1176 1177
1177 1178
1178 1179
1179 1180
1180 1181
1181 1182
1182 1183
1183 1184
1184 1185
1185 1186
1186 1187
1187 1188
1188 1189
1189 1190
1190 1191
1191 1192
1192 1193
1193 1194
1194 1195
1195 1196
1196 1197
1197 1198
1198 1199
1199 1200
1200 1201
1201 1202
1202 1203
1203 1204
1204 1205
1205 1206
1206 1207
1207 1208
1208 1209
1209 1210
1210 1211
1211 1212
1212 1213
1213 1214
1214 1215
1215 1216
1216 1217
1217 1218
1218 1219
1219 1220
1220 1221
1221 1222
1222 1223
1223 1224
1224 1225
1225 1226
1226 1227
1227 1228
1228 1229
1229 1230
1230 1231
1231 1232
1232 1233
1233 1234
1234 1235
1235 1236
1236 1237
1237 1238
1238 1239
1239 1240
1240 1241
1241 1242
1242 1243
1243 1244
1244 1245
1245 1246
1246 1247
1247 1248
1248 1249
1249 1250
1250 1251
1251 1252
1252 1253
1253 1254
1254 1255
1255 1256
1256 1257
1257 1258
1258 1259
1259 1260
1260 1261
1261 1262
1262 1263
1263 1264
1264 1265
1265 1266
1266 1267
1267 1268
1268 1269
1269 1270
1270 1271
1271 1272
1272 1273
1273 1274
1274 1275
1275 1276
1276 1277
1277 1278
1278 1279
1279 1280
1280 1281
1281 1282
1282 1283
1283 1284
1284 1285
1285 1286
1286 1287
1287 1288
1288 1289
1289 1290
1290 1291
1291 1292
1292 1293
1293 1294
1294 1295
1295 1296
1296 1297
1297 1298
1298 1299
1299 1300
1300 1301
1301 1302
1302 1303
1303 1304
1304 1305
1305 1306
1306 1307
1307 1308
1308 1309
1309 1310
1310 1311
1311 1312
1312 1313
1313 1314
1314 1315
1315 1316
1316 1317
1317 1318
1318 1319
1319 1320
1320 1321
1321 1322
1322 1323
1323 1324
1324 1325
1325 1326
1326 1327
1327 1328
1328 1329
1329 1330
1330 1331
1331 1332
1332 1333
1333 1334
1334 1335
1335 1336
1336 1337
1337 1338
1338 1339
1339 1340
1340 1341
1341 1342
1342 1343
1343 1344
1344 1345
1345 1346
1346 1347
1347 1348
1348 1349
1349 1350
1350 1351
1351 1352
1352 1353
1353 1354
1354 1355
1355 1356
1356 1357
1357 1358
1358 1359
1359 1360
1360 1361
1361 1362
1362 1363
1363 1364
1364 1365
1365 1366
1366 1367
1367 1368
1368 1369
1369 1370
1370 1371
1371 1372
1372 1373
1373 1374
1374 1375
1375 1376
1376 1377
1377 1378
1378 1379
1379 1380
1380 1381
1381 1382
1382 1383
1383 1384
1384 1385
1385 1386
1386 1387
1387 1388
1388 1389
1389 1390
1390 1391
1391 1392
1392 1393
1393 1394
1394 1395
1395 1396
1396 1397
1397 1398
1398 1399
1399 1400
1400 1401
1401 1402
1402 1403
1403 1404
1404 1405
1405 1406
1406 1407
1407 1408
1408 1409
1409 1410
1410 1411
1411 1412
1412 1413
1413 1414
1414 1415
1415 1416
1416 1417
1417 1418
1418 1419
1419 1420
1420 1421
1421 1422
1422 1423
1423 1424
1424 1425
1425 1426
1426 1427
1427 1428
1428 1429
1429 1430
1430 1431
1431 1432
1432 1433
1433 1434
1434 1435
1435 1436
1436 1437
1437 1438
1438 1439
1439 1440
1440 1441
1441 1442
1442 1443
1443 1444
1444 1445
1445 1446
1446 1447
1447 1448
1448 1449
1449 1450
1450 1451
1451 1452
1452 1453
1453 1454
1454 1455
1455 1456
1456 1457
1457 1458
1458 1459
1459 1460
1460 1461
1461 1462
1462 1463
1463 1464
1464 1465
1465 1466
1466 1467
1467 1468
1468 1469
1469 1470
1470 1471
1471 1472
1472 1473
1473 1474
1474 1475
1475 1476
1476 1477
1477 1478
1478 1479
1479 1480
1480 1481
1481 1482
1482 1483
1483 1484
1484 1485
1485 1486
1486 1487
1487 1488
1488 1489
1489 1490
1490 1491
1491 1492
1492 1493
1493 1494
1494 1495
1495 1496
1496 1497
1497 1498
1498 1499
1499 1500
1500 1501
1501 1502
1502 1503
1503 1504
1504 1505
1505 1506
1506 1507
1507 1508
1508 1509
1509 1510
1510 1511
1511 1512
1512 1513
1513 1514
1514 1515
1515 1516
1516 1517
1517 1518
1518 1519
1519 1520
1520 1521
1521 1522
1522 1523
1523 1524
1524 1525
1525 1526
1526 1527
1527 1528
1528 1529
1529 1530
1530 1531
