176
129 45
15 159
15 480
105 571
106 708
372 709
374 599
439 640
474 638
494 618
494 550
518 531
517 518
498 504
516 489
518 474
494 456
494 415
563 412
496 275
496 137
587 47
130 47
582 50
493 141
493 274
560 409
493 411
493 458
515 474
515 486
493 503
515 520
515 532
492 551
489 621
470 639
441 639
372 594
370 707
108 706
106 569
15 477
16 159
380 250
380 252
386 258
386 259
387 259
396 268
397 268
402 274
404 275
449 275
452 273
452 272
463 261
464 261
464 260
468 256
469 256
472 253
472 251
459 239
459 238
451 229
449 228
446 228
445 227
444 228
430 228
429 227
419 227
417 228
416 227
406 227
398 232
398 233
394 237
393 237
392 240
390 241
383 248
382 248
381 250
383 250
387 246
388 246
391 241
395 239
395 238
397 236
398 236
403 230
449 230
456 237
456 238
458 239
462 243
462 244
468 249
469 253
449 273
404 273
402 272
401 270
399 268
398 268
397 266
395 264
394 264
389 259
389 258
383 253
197 227
151 274
151 364
195 410
265 412
290 367
265 342
243 385
221 387
199 343
199 274
220 253
263 273
267 294
266 272
223 251
197 273
197 344
223 389
245 387
265 345
277 353
287 368
267 407
197 409
152 363
153 274
199 229
264 229
287 271
290 297
290 273
267 227
358 182
358 184
366 184
368 186
398 187
403 189
404 188
414 188
417 190
425 190
439 200
441 200
442 202
448 206
472 206
473 205
473 177
469 174
466 174
461 171
454 170
449 167
444 166
439 163
435 163
433 161
427 159
382 159
378 161
170
0 1
1 2
2 3
3 4
4 5
5 6
6 7
7 8
8 9
9 10
10 11
11 12
12 13
13 14
14 15
15 16
16 17
17 18
18 19
19 20
20 21
22 23
23 24
24 25
25 26
26 27
27 28
28 29
29 30
30 31
31 32
32 33
33 34
34 35
35 36
36 37
37 38
38 39
39 40
40 41
41 42
42 43
44 45
45 46
46 47
47 48
48 49
49 50
50 51
51 52
52 53
53 54
54 55
55 56
56 57
57 58
58 59
59 60
60 61
61 62
62 63
63 64
64 65
65 66
66 67
67 68
68 69
69 70
70 71
71 72
72 73
73 74
74 75
75 76
76 77
77 78
78 79
79 80
80 81
81 82
82 83
83 84
85 86
86 87
87 88
88 89
89 90
90 91
91 92
92 93
93 94
94 95
95 96
96 97
97 98
98 99
99 100
100 101
101 102
102 103
103 104
104 105
105 106
106 107
107 108
108 109
109 110
110 111
111 112
112 113
114 115
115 116
116 117
117 118
118 119
119 120
120 121
121 122
122 123
123 124
124 125
125 126
126 127
127 128
128 129
129 130
130 131
131 132
132 133
133 134
134 135
135 136
136 137
137 138
138 139
139 140
140 141
141 142
142 143
143 144
144 145
145 146
147 148
148 149
149 150
150 151
151 152
152 153
153 154
154 155
155 156
156 157
157 158
158 159
159 160
160 161
161 162
162 163
163 164
164 165
165 166
166 167
167 168
168 169
169 170
170 171
171 172
172 173
173 174
174 175
